000310000060097040001420300030000502786000139502000060003059700020680010000074000
103070002000000040090005001020100503007000200405002060200800030050000000800020709
070000010000040000600208009860000091300106007002000300000070000050804030906305702
520010007080040032007500100000000700410060059002000000009006200360070080200050043
000000407702000090059700030000186002004090600300254000030001920090000704801000000
000030600040800901006700005083000200600040008005000490900005800501008030004090000
007000500000080000900070001025108930003000600009000200000503000700000006010207040
010700000406020000902105000048090000601000507000050840000503702000070906000006050
000905100140020005002006000006000002400802009800000400000500700700080054009204000
008020900600000005500901002001070500072000690300000007000407000010503020050010080
000080000010506030000473000000000000402000603038040790043000960500000008800102007
100073206007010000203005710405000000730000058000000304021300805000090400304560002
050030070007000800604207509000000000070506040502809703006000200005090400720000096
000040000020609010006308700050090020008000300930000074080502040043000260500000003
021500000000083020006000800000800001038000450700006000002000500050620000000001730
001000700923000841080000030500000002000106000010902060000208000702000905040507010
000030000050408060000701000002000600500090004000386000120000078007000200804102905
908257604000906000063010250030090060009060400005348700070000080004000300000000000
060003000008070001000820706300004008607000204500900003104095000800010400000300010
025000170000503000300010005008000400007000200400762008000936000000040000706000804
200081009080700020001500800600000790500000008039000002007006500090003040300840001
048600100200901508090000030000700000005216800000008000030000020109407006006003950
005083040600900000000014002501000080809000401060000209700140000000002004040570800
090800600007040005400063070008000009059000340700000800070150003900070200005006090
000600000080059160014200300070000601020000090306000070002006510058920040000005000
301000900040000020600870100500304000002000300000206005007089006050000080006000701
250008703008000000009067000000023001003000400600710000000980200000000800702300059
900200006003080000006905320008000102050070030204000600069508700000040200800003005
060000000000071006009602700027040500040103020008020910001208300300590000000000080
009530201001000000053010000200100030035040120090008004000090340000000600306057900
300000050040600070507038600009000001053000960600000800005890702030005080090000006
502000807090070010000812000000943000039000720080000040008429100000000000970000054
000000890000060003300000671020580360000901000074026080496000007800030000035000000
040002000100009307050078000005000030001040200090000400000280090607300002000600010
000000000020405010800090007900607003076000250001030700250010078060070040000000000
000000893560000004080001605000003240200070008046900000407600010600000089852000000
004500700020800060060071400000000006006417200300000000007130090080006050003004100
050102060000070000601050702002060800060809050900507004040000070005406300000080000
003200100080001020200030005020309004004000300600407080400070009010800030008006700
500000006000017000008450190007000080401000305030000700074035800000140000600000001
240900001005074009000000080010020005030405060800010040020000000700340500400002078
040803090900000008008406100060020080204000307000000000400187005605000701000305000
340002008002000900008030270104009000500020009000600507039070600001000700700900031
040000090000050000806000407000080000005020700002165900007603500609070302000000000
072501460000000000100407009800000005067105940009020600008000300000908000040000070
005003040100020300090060005500208000072000830000407002200040010003070006060100200
800060009096000170000705000920000017000000000041208390080040050004503900000627000
000047800800950260001000005010000900704060501003000070500000100079018006006590000
300050206290300000006040000000290067002030100480017000000020600000005074908070003
082400003907005000010027000000009062090000050260800000000170020000900704800006130
106450082200000400040007005007501008800040009500908100400300060003000004690074203
902070000030200000804000600410007000006102800000800017003000709000003080000040106
200700854600580000100090000000000072028000160970000000000050001000038006863007005
300009082750803060000026000821000030007000200030000916000670000070302095240500001
480900072109000608070000010000507006000020000600401000040000030903000504850009061
004020730230500040600000005000302010300040002040607000900000007020004091016030500
420105067700000002008000300590030048061000230000000000005642800000000000300809001
600010003090500080007003600003406020900000007020905800002100900060002010800050002
000070400090500620213400500000000170700000008089000000002003945034006010008020000
900000001000208000210000036064709280090000010000000000000040000002501900540090072
000001602008200000500039400056000021000060000890000370003420009000006100607100000
006000400710400850900800000240709000008000900000506024000008009029005081001000700
006040050700006200030280006050000100304000708008000020400073060003500002090060800
007009000060010270030600009600000100050080090008000007800005030075040020000200600
005000600012000380060030090090658020006000900801000703000921000100080005000503000
650000020008107036020000000000700809000030000906008000000000010310504900070000064
000004070280061950010230000690000700045000390002000085000072060027410039060900000
002000600090407030003020800400603007001000200030080050007050900000906000050030040
050306020400901003000000000000000000600873002090060080060030040007000500014080360
702009804000000100360800002500408300000050000007203001100005083006000000208700409
097030001003002600860900000075001000000000000000800240000009052001500900400060130
508000000910002006000000250009050000250703049000040700045000000300900072000000403
000080000020405070006000400700203004030809050005000300003000200501040907900060001
007030100800000005900402003160000058009507600040000020000020000300605009000703000
070480000400700000002000704908300040020070060010008903203000500000009008000045030
000163000080509060007080300410000039030000010008000700906000504020050070003000100
030612070000804000000050000010905020006070100000000000304060701500708004200000003
020409070000000000008070100400050002710000036000000000809000604001020700000304000
000007100049080026000000003130002405900105008208400017400000000590020830001700000
001000500000010000080903010208000103070000060300060008010236050090070040002409600
380000002020006000001004003690000300240901075008000096900200700000700030400000029
300056007000200300056010400500000080702000903060000001008070130007004000100360009
000005900020800050004790000079008020100302008080900560000034200060009010001500000
052008600400605070000090000600000920029000450043000006000060000030807001008400290
000940217007800000050170008608000000070000030000000105700083040000009600246017000
000700000030005068001800509007006043000000000980300100802007400140600050000004000
000000000600020009085901430509000604061000380000000000300892005000000000008736200
060000020000010063502003001000300050014080370030006000100900706250040000040000010
080304000045020370002000000700090500010040020004080001000000700079030410000806050
000705000000000000070619030306000908000203000010000020090000010107050604400108005
602000730001070902007000005000005040063040250020600000900000300305010600016000504
006018000001200640097000080030000106000501000405000070050000860073004900000780400
006839200000020000020406030000000000070201090203060107007000900390010065005000800
000916050240800000016000000035090001001000400600080930000000160000001043070639000
008400500050080070430020018070043000001000900000190020560010084010030060004007100
000000200014087030200406010023000600070000090009000370040801005080950140002000000
007600009030000750000700104300001600080309070002500008803007000094000060700006200
810400009050700041009080600000000035004000900570000000001090200360002090900004067
670000045050384070008000300200000003800090001000102000007000600004060500000205000
003000010100008700020190004030705400001000800009602050700049030004300007090000600
008009010100305000000810003810000290006000400074000058200073000000204009060900500
500900002060000053010300900800749000004060700000518004001004090640000020900005006
180000039000715000005000700500000007804209305020000090008173400003604900000090000
020030800008059006600100030090000200260040098004000060080003002500270300002060050
050000630600093004900008000026030000090675020000040960000100006500720001089000040
900000004400107005000429000050000090060815070000702000000070000003000600210030057
500010007000000000069080130080309040000050000320000059040090080010000020000764000
000102080720080460010006000206000008090000010800000605000900050045030029060701000
000200070700050904500006000009002400140000098006400300000500009308010002020009000
700005801002084000600000090120308000080050070000401082060000008000140300207800005
000104000160000024050020030000647000048000750001305900002508300000060000580000079
090010060070000080001875300009050600700691008010000030004000100000403000020000040
946080000001007000500060200003290000014000630000031400002010003000700900000020715
000000000008912600023000480500000004016080390030000060600803007000020000071405920
020300100000000008904020500000287005005901700400536000007060401200000000003009080
460000015039000270000000000000040000603090701800501002020000030000907000100206008
000579200807030000040000000000000405002107900706000000000000060000020107009815000
000406000018207490000090000500000001006010500073000840300105004020309050700000006
006000100040000030090302060000000000600040002900716003300601009001050300060408050
300000000064090200020500007071600380000000000046009570200004090008050620000000008
002070000090100050004920803000000610801000907076000000305097100040001080000060300
026090080809300001000000097000609010100040005050201000690000000400006809030010450
010040050800207001002000600050000060100000002069803410008321500000000000901000304
050000080800402005037060410083000170000000000070000040005040300000103000040708050
030050010020000060500040002000080000800604003400321007000000000108702406692000375
100396008057000910800000006000401000900020007003070400090000050001000800020804030
070001000008903005000260040340000870007000500019000062080092000900504600000100080
702600090010097250090100000005000000004835900000000300000009010023540070050001402
000000001700600028000500060940100006060309040200007039050008000820005004100000000
070060030300000002069030150000090000000304000800070006006708200100040003084000790
000000820500002000902051400064705000007080100000203740005430208000500007026000000
700450003000702400050063000097000018602000905480000260000130090005209000900078002
000301000004000000070506418900405067700030004410702003295807040000000900000204000
347000069600000008008700401000070600000503000004080000403009100700000005560000942
010000030094030560003060100300000008000040000000602000081357490009010700030000080
200000004508403607070508030000090000701040209009201700000000000002735400107000306
400005008003400200080090070800010030001952400040070001060040010004001800500800003
090000052004000000280007900000100360003040200047008000006900027000000100810000090
300900060020000004680000700000490010400217006090065000009000051700000040050006002
804000702010708030050030060100509006060000040200604001020000050006307100000102000
004097000008300700030800049300000970400010003067000001580004090009005600000970500
605000408087004010400000053060090000000102000000080020850000004070900580206000709
034600020806040000000082904510400000000000000000003056302970000000020709070006280
000060000010000020079301850400508003020000070000030000008010700050673040000204000
100500608500780090000400000050000002074020360200000080000004000030075001702003009
589000600000900002000300700060000140300010007094000030001003000800004000002000358
060400501003590000405070006030000007106000205500000040700060803000059100301007060
080610000030050041001002800007000009940000013800000500002800100350070060000045030
600002001089007020001060470120000000007080300000000014062030100030200580800600009
500243006070060080300000001080000070007000200100070005000080000020706040005104900
004300090710090030000087005006000004048010760300000900500740000080050071020008400
000040080200009000006185700079010600608702109001060850002376400000500008060020000
000200600060013050100074000045000006021000790900000240000360009090420030002005000
100003005000020000006914300508302900097000540001507806009256700000080000600700001
083704960600050004000693000010030070006201500000000000091000650060080020400506009
103000405020107030000040000400090003006413500000506000009080300080060050607000908
300007509001082000608500210830000600040020050005000092013008905000650100506400008
010070020000834000004050300070000090906000107300000008102706503030020070000345000
080002000020003054003800600160405200000010000008206041002007100850300020000900060
006305900070000060000020000007000300000801000900000005000146000500080004103050206
000040000005000100204010508007204900060000040900000002003509400009821600010000050
000000000700020005002806400900080002000613000040000060029000650600204001105000208
008040500100000009000238000000090000640000053030704090500020001002306900006010400
000542000090806010000000000070000020008020500245000187020050030800000001006103200
000153000002407300000000000080070020300000008005348600501090807200000001840000056
002000500000375000300000006500000003000824000020060090000000000058709340103000807
016300000002050106030000029000205008070060050200804000680000010401020600000001840
983000751020507040070000020000030000030104070000208000000000000016000390002793600
006210040700604000000070006020000097807000605360000020100040000000803002080025900
000070030002036040350000708001200006000090000400008900904000057010920400020050000
324009005001000203050002089408030000000704000000090401810400050506000800700800614
040906010000703000007050600003802100080000060700090002000231000508000901060000030
690001070004000000000690005900840002060000050700069001200086000000000500010500046
000006007000000048001000560800490030900601005060027004045000900630000000200700000
007200000050007430030940006070000305006000200103000060300072040015800020000003500
090030005000204690000070002039680050600000008040025360900060000071302000500040080
090207600007003004100006020239060008000809000700030965070600009400700500006308070
000280050510307040008100900090708564600000001245603090004001600060402085050076000
000090000400050007500406001090000030100000006760902058001070200040109070008345600
900005060000087300703000001000410270000206000012058000200000109009860000030500006
200357009000609500090020000470090031305104906960030075000010090009703000100962004
810060700064070000700008021000000072000723000170000000630900004000050930009040017
850600207007030005900800060000000306070000040602000000090001004200050800701006023
006000800000506900870002003053000060000040000080000790100900032007601000002000100
600000001000309000020050070030504020100906008006000500090283060000060000005000200
001205407000008000780000000040910003070050090100082060000000049000300000203804600
590602014000030000070409080200000005005090700004000800000104000800050009040983050
001009060730006800000100200200000050090010070060000004006008000004300085070500300
301070506009108400000306000070000060950000031000539000014000390500000002200090004
200000006001206000000140020050609480006070200023405060010094000000703100300000009
900000001601000209050000080500030006030060040000701000093080470004000500000904000
527680003000003008000071002065000001804000607100000350200190000700400000400052136
900754600000001009700000200083005000200060001000200740009000006500100000001697004
009030020070000008800200070000041700006709200005380000050004009400000010020060400
005020900067000150000709000040010080000000000002504700006435200000070000080201040
004000800000020000903401607005809700600000008038507290000050000360090041000104000
001800060400007000002304709025000104000000000806000290307608900000200007010005800
090600200024010068100002090008000009030000040900000100070800003680020950005007080
020000030805060007009100250000090100060204090003070000087009400600020709090000060
001080030800005100057200804030020900100306008008070010503007240006900001010040500
820501074600804009100000005070010090000040000080907010060000030009060700000050000
800000001201050609007103500070802060000030000060000090500080002009000100006010800
000002100390070600020003070200050040900201007070030006040300060009060052005400000
003010702900007005200000019805030000000965000000040501390000006500200007102090800
002900000406000000070020009080210650003050700067034010300060090000000508000003100
600001009059400710010900050400010520000705000025030001040008060086002370500300008
090508010001904200400070008026705390100302007007000400208000109000893000000000000
800010069602000700090006050003070000700204006000060900020600030008000601470090008
010000800085009026600002050094608000000090000000407960050200008830500290001000040
800203006010000070002701500080010040600000007004508900000609000030080020070000090
806021700000906050001500000075000040900000001060000370000004500080203000004150803
003060009020071500060309080290000800000000000006000092040602050009780040500010300
000007603030000042804003090508600000000010000000002809010200504420000070903700000
021000450800204009000010000030406080000000000600129004070000010000000000140678023
820000700060007120009010406090080000000341000000070010402050900058700040007000052
001605800000090000640000052000080000000206000807000605008903500400070003700108006
006070400200030005001000600000304000300010008000628000082000730040903050500702001
000030000000402000059000210910040068600908002005000100500080007800501009007000800
000103000007605100100080004400908003030402090000070000201000705005060200009000300
003020090000300056500006301000009070906030508050100000301400007680003000070060900
000004730007000500000057420030900080400030006080002050069370000004000800051400000
027105490300000005000060000000402000010050020000813000006000900050604010001708200
709006000320000007000070500100609000570030069000704003001020000600000072000400908
003000570000002030400053009160209700000000000009508041900380002080100000046000100
900100002000030045080406000060000500059080160008000090000802030370040000800005009
001000400800000007794000182007409500003000600060205010000020000570000046000786000
470000091009000600300000002790010054060040070000705000100000005007080300080602010
870002013260308074000007000127000040000000000030000781000200000350701069490800057
045306820028000340300040001080000030003000100500090004004539200050401080000000000
016030740000000000809000506080693050000040000004851900061000490090274060400000005
010040003007000005350007002008056000000802000000710200400900057800000100500030090
020750800000098004800100000090000203370000051201000090000007006400260000005014080
030000200100076000408300500060030001005080600300090020003007102000910006007000050
207080001080250370060003008003000080950000067070000100500100030096025010300060709
075406920001708600600030007050000030014060870000020000107803204500040001080000060
200008701019020050500000030700080000050432070000090006020000003080070960904200007
001400000035069080000003067016000003080000040900000610370200000050340270000006800
005070900890000070071008000620001000400609005000700062000500490040000013006040500
070000030208301709040000080500000008080605070009010400007000500100050002000429000
000060070800010000004807501500000600006735200001000004908204100000070002010090000
680003007040008032003002800296040000000206000000080624009700100120800050800100076
300004006084000730010360090400603100009000300001802009070035060053000470100200003
600500402000000610000060500800003109050010020209400005001020000042000000506008003
041000059082010000000500810900000040050704020070000006025007000000020730710000460
000207000002509600960801024080000030034000790000010000050070040600020008400000009
000480030709502400010009050065000084200000006980000320090600040007908503050034000
002009001080000005900180020005806040300020008090307100030071004700000010600400300
500106002000345000010080060009030700870000046300708009960000074020000090000902000
090152000003000005007000190700503001900020004200407003049000500300000600000236040
900053807000000000301004900403020000800917003000040601002500306000000000106730009
401000020000502700003900000002100089000000000850007400000008500005209000090000204
300048000000030608000100900037000000080305020000000710004003000105020000000980007
190070036000000000006000400300000004042501360001000800010367050070080040600904002
000009840409082700870040050580000000064020910000000087090050078008970104047100000
009000200050006094010000035006080000030421070000050900790000010480700060001000700
800005196000120008000006040000000904094000820708000000020700000500049000617800009
040000600503006900020300187000087002030000090200130000762008030005600709009000060
004000005700900400100380000060207800870000041005408060000051008008009004900000500
607005009093008010000000047480906000000010000000507092830000000050800620700400108
001895600009000800040000020076408150500000006000070000080050060300602008000904000
008060054060000009020003000000290000709010502000056000000500020300000080490020700
000004509900000862005060010070200001000010000600003070060080100189000005204100000
000072005076400090009000270000520000100000006000084000084000100030008760900160000
109000003073000010000800072000419300000703000005286000560002000030000290400000105
206003008000080000005100309400010800050437090009050004602005700000020000900600405
007180600040005020900004001094000008800090007700000530100400005080600070009058100
700060004003807500000201000000000000026408930017000250040000080008302100005000300
045000790700090008000000000300102009800403002001000800008000900096020350000709000
000589000050402030800000005020000040380040072400030008207000306100000007060000020
300080100000056070040300820000000063009000200680000000056002010020890000001070002
096208530530706081200000009009000800702905103000000000020673050300000002000050000
410000009002089006000300070020010300090503040007090020030005000800930200200000013
004008030600090800070200005500060700040509080008040006400003090007080004060900300
800070009000003800059200700060040900400709003007050080001005620008100000300020005
000000000108090706000706000007000100002040300600080004050904030003108200090000080
050000030902000408400000001046805390703060804800000002009604700004273900000000000
800006013401800700030100060900000540000060000042000001080003090003002604720600008
002730000000200950010080002390000008006000400700000026500020090071003000000074100
000009520704520100520000060400208050050030070030907008010000032003081405045300000
004010300810000047705080209408000701150000028000000000020000070001090400600102003
000907601010520904000000070840000310003000200097000045080000000409081050501209000
002400700000003045300800002007049080430000097080160400900001004140500000005004800
010002300003000019000830000098000030000276000020000570000085000480000700007600080
400200106000468000500001000053109074040000090810607520000900002000386000306002008
045000810120300079700000002000409030000080000050103000500000007410006098079000350
000005907040060000100020040001004020800701009060200700020040006000070090709500000
010702000006900302090600040800000531000000000579000008040009080107008900000103050
005804100060090080700600005900000607050000010106000004800009006090010020007508400
090000008000600309005080027900002400100508003008900005640050800509001000200000050
003070000000690170701500030000007004027000950400200000050004306072019000000050200
000091005090500740008000006000040090709000803030010000600000100012004070900180000
000700300480903052100050000002006001050000020300400500000070005240105069009004000
030000070004000900800506001690000024000040000000307000002000300540070069000259000
007000100010080030409001602008030000070148090000020800504200308020090050006000200
080070002200056000005000070070590304000000000401067050020000800000980003600040090
000109060104605800080040010610000045008000100470000089040030050009706408060804000
003010900000506000027309680974080132060000090008030400000758000800000009000401000
000000000002000600610040028800204005000907000070358090040189030020000050001020400
047180900200000000009006002730500000600020004000007029100400200000000001008091470
010090060300000007520000014600030005000206000007040600050708040002304800060000050
002709030730000490090010007100507002009060100200104009900070010081000024040201900
204000306000206000000050000109000704000174000003905600710509063500803001000000000
000050030300070819000000400400005900009802100005900004001000000924080003060090000
020040080007090300001060700800000005700805006000106000032000650000000000605302107
030097000040500187080000000800904060600020005050601002000000010491006030000180020
350000000006470000002800510009000030080907050060000100095008300000043200000000068
040000000800000027750019000009130000008000300000042500000250014170000008000000050
000020000090060070000405000160080093005000100809070204004907600056000940900000002
000108000060509070900307001090080040034000510670000038005000700010000080000602000
030500009200300000060041020008400600090060070002005300050910030000007001300008040
008000100090000070205197406000000000400708009069000730580904023000503000000010000
000462000000030000300701005400876002009010700001000400500000004906305207000608000
003050400400901007900000008007000600000040000540806073010607030706000109090000080
000050069005907020030000007001008600080205040007300900600000030070602100410030000
720910804009006001600004030058000002300020005100000340030100008800400600207068093
200060000015900700007208540000000097001000300590000000054703200003006150000050003
004060900003000500600108002401000309020070010008000200006405800000000000802709406
200750804009000000300006010004307002700000006100508400020400008000000300507039001
320000900500302000060400031005030019000000000490080600650001090000805002008000064
003005040500370000000046007405807060028090470060402801900760000000084006080500700
000152000005030800000000000230000067080000050501060302006308500400697008700020003
000060549010000000600053007100034900050080070007590008400670003000000090596010000
000706005500040028010052600630000007000090000900000084007630090150020006300108000
005708200000010000080050090000000000650201039800904002008070600109000307300000004
005034000000000700060190004100000800804010906002000007900043050001000000000980200
200040970039005201060000080000050007080000030100020000010000020804200510027090008
002000400008167200300000008000000000060070030070938040001020300020503070400000006
013000006705004008000010000000450060090206070040097000000040000600800504900000120
050260000010000900030008000084009007600020003100300450000700060001000020000046030
400000500009100030670020000000006004800904005500700000000070098060003100007000006
008304050240007009006000004420500000009080300000009021600000400300100087080203900
004070300038000940050040060042000650106000704500304002071206480020080070000000000
004010000390400006000007300502000000180020075000000902008500000700009013000030200
009000002510030000000100504000057091058020670790310000904001000000060059300000100
000703000017040690000000000050000080804000507029050460040000050078906340100000008
000583000000020000008601700807010502030000080009000300002907800000030000501000209
090006002000140067006009830050004080000060000030800050064900200310028000500600070
200005073500400800080060000100508090007090300060702005000070020004001008610200007
607000908003768400000903000000106000100070004090050080700000002569030847400000003
030001004010050000506400000007000013300905008260000700000007301000080090700300060
004008020150000480090400007600030700000906000001040008200003040015000093030800500
087100200065000000100460008000010500050738090008040000200089004000000830004001920
000901000060020090031000780000516000094000560000070000002000800010702040500090001
005007000041000230060200075400090300000802000007040009670008050019000860000600100
000050000700000009050642010890000027002000600000305000100000005000080000320501086
000026001009000080173500200800002000030000070000600008006004392040000800300890000
061004300000901005000020000004006103003000500708500400000010000800307000002400650
067000000000010573100000400000056020500203006080470000008000002471060000000000610
000201000900000007603090208090706040408903105700080009509000706000000000006040300
067500400400690000300001000140700050000108000020009067000800009000067005001005240
200003901004910000900000060300050080010378020050040009090000004000091600105800002
506900002002003700070204036021000307000000000605000290360802070007300800900007603
900008304004000000300740010600901200008000100001602008060057002000000700105300006
036870000000093805010604003053000607270000041104000380600508030305260000000039250
000000000002508700080000060020030050005812300040906010006301500200060001400000007
001907500005801600700604009170000035000040000059000860600000004090080070000702000
500080904000250008000190000701002090003000600020900507000079000100026000604010005
002030100050004080700100004020060700400781002007090060600002009070500030009070200
201009700058040900900100020000090004000631000600020000090007006004060890006900307
014080960000000000008406300003708500100000006050000080000040000507000602006205800
000000406006000020400609008030750040100020005040081090800502007050000200601000000
106005004000070300080100009900803500050000040007409002200001070005080000600500203
000008900009030500380940060900603100054090630006402009070084091003020400005300000
010080500000009004906002800023070000700405003000020780007300902500900000009050040
029104570004000200050060080040000090072891450000050000000000000096040810205000609
700090001960703058080000090050000040002000700000905000100000002000106000004000600
040010005600400000107002000050800760004000500076005090000500807000008003500060010
008020053000008000002640070500060000023090140000030005040016500000400000360070900
580300049642090030000200600009500000020000090000002400008005000070080524250009068
401025006000300204009000000304100700906000408002009503000000800108002000600510902
080301005000050006000900830300080042009000300640030008054003000200090000900206010
020090008003075020700000000208940600060000030005016902000000009090560300800020010
607800050090002004800050090204105000000090000000204701010040008900500010050001907
097000300000003500050076000500290007009805400200017006000730010003400000008000790
008205096000000820020900007040008900007000200009600010200004070075000000460802500
300054006000700100020081000503000010401020608060000304000560020005003000600190003
028000500004200001600009087009157040000306000050928100390500008500002700007000450
740000038000457000000308000005000400900524006080000020490000017070103090002000800
000000009040302760006000300007400098200601007850009600009000500025703080600000000
500090004087002060000700020070908600100000003003104070030006000020300150700040002
300007000670102000080006040900020030500090008010030004030500010000203087000400002
002096000010800420090200006100000370900030002037000001200008010071009030000760200
004001520006000000300009074050600802000010000207005060870900006000000200093100700
004006008001004520090000006200701000050040070000602005600000080078100400400300100
205107609000000000800209001030070020000010000000902000720000058000704000409501706
900107050000800300018002000096000100100070005003000640000200980001003000060405002
400030005000407000180000034004020300700000008010806040000578000500000002301902507
070000060009060200030080070000301000008040100000000000090010050026708430085000720
060732050900000002028000630050090070100507003700804006000908000007000300010070090
300050006407000203000000000090528010100709008800401009050070030040000090003090600
020600000090300265075090300000000052002080600360000000001050890957001020000007030
000568000000703000930040058700000003060000070400907006009070200002000500050102030
001084000000306987090050000002700100500000009004008300000040090248109000000860400
000400300040067002080302540010900000070000030000008020025106080100820050006004000
098300000700002001006050008000090670060000020029010000400060300900800007000005980
090307060000000000502000907000715000900604003005209700009000800680050014000408000
620000091307000805000000000070965020000030000003247500900000004400010007060050080
000301000000070000203050607034206780001000500600000009100904006307000908000687000
300010086700004100060800000070080200600209008008030060000005070006100003150020004
910400007020080014000201000002000601090000040406000300000805000280070050600004028
001004500008000009450006001200307100080901020007502004800400075300000900009200400
000000000000014207017600050029007003006030700700100960080006540502980000000000000
000000000001802400070000030000609000004307600080000010760103024018060950500090006
000000020600780300075042900003208050068000710090506400006130290001029003030000000
150600000002003000080091004000360940600000007049087000500430010000500700000009056
000001080408700000000080047702000100061020730004000502620050000000003206070900000
902000006710008002040000050097006001000309000200800970020000090500400068100000405
006000500000030000059000460060324090000000000200971005003406700007090200040207010
300001500081400000007000061200100700090030040004005006160000200000009610002500008
520001009004090006001008350702105000010000020000904701076200500200050600400600087
104600008000049000000100002080000601090050070407000030700006000000820000200005407
700613800360000005000040030091800000000102000000004690070030000100000074008571003
004000200205060708300249001000000000002408600000503000100000006903000805040000070
200030700000080903000906200004200001800060007900001300006409000701020000009010006
009308100000190000100060005706000054000000000490000308600040007000025000002703500
000823000204000508008000100130000024020704060400000009000647000000102000040090010
010020040800407009200000007020000030000905000403602508002040100000301000050060080
070500980120700064800000000000912045000807000750643000000000008960005023082001070
000002047600080120007100530080006000009000300000800070048001700061050002530700000
020080060010050030503000709008000300100060007035010620300000001000891000001000500
560800204001040003900200070000000509090000020205000000050007008600050900402001057
010030060600070003003000800007050400240601075000709000900402008000010000106000502
415600200000201000609000030070300000008502300000008050050000907000907000007003516
400568001700000008000070000080105090000090000004000600070000040900734005106902803
004200690000040000390006028000030001006070500400080000610300054000060000025004700
008000700010060030040309080006050300080201090093000820060000040900000003007000200
500000047800100600090045000009020080003604200020070400000260010004009002250000003
208000007040700980060005002002030060000508000050060800800900040026004010900000508
080602030002104700100050006009000600400000007076000890700000001000040000600519002
200768004004000200500020001000000000030106070040902060700000008009805700006090500
050009001002000500001070002060010745010508030534090010400030600003000100100200080
018050920906308507000000000075209160000080000000401000007000800100020006069803270
002080700500706002610204039000070000800103005009000400000805000200060004300000007
930000000004801000000079600450080002070000060800060043002140000000508100000000025
257000986100208007000000000000604000000080000960020041006592700040807060009000500
000538790000700600009004010003000900400010005007000400040900100005007000096125000
405000908100809003030605040000207000800396001000000000006408200000000000304020605
071000350090305010003108200015060980700000001080050060020894030400000008000030000
000008073005007680000006204000600800036000540008001000604200000029800300310900000
001000200000040000600203009800904003050102040010030050074000820230000075000000000
000602000000094100092510600640000903027000860309000017004061750006870000000405000
029506810016020000800000000080603500091080620004201080000000002000060450048902130
010008900050000043902007500604701000000090000000306204001800607360000010007600020
008407000000000500070630002700201409009040100604903005300016090006000000000709600
620000094001000500590070061010000030000090000200040006000251000980437025000809000
080700600090600021100059000008000045003020900540000300000140006450006080001003070
400000005010009860038600100020010900000423000001060050009004580053200070700000006
400009008083000002050800070000015400070030090001970000010003020600000780800600005
200500000560000014008030260604070000000102000000080603032010400910000082000003001
060930000090001086005004200014000007500000008600000430006800500980200070000019060
500207009400605008020304050000000000006040100102908706007809500030000090000000000
030000800000869000060043007006000073002080600910000500300910080000724000005000040
000706000002409100030000060009000400240000085075020690093207850700080006000000000
001000900060407030400208005600000009000602000080509010003050700750000048900000003
000090000070106320042500900080000790100000006059000080001008260098604070000020000
000200090730080000002050080610800000900307001000001026090030500000040017060002000
030005710100080005205400900300000400040000050008000002009003106400020009081600020
020407060000000000005030200000020000003080600146000832050000020310000056907203108
400906008080050040500040001035000270040090010000000000000304000620105037700020005
000301400004000070800006200000070096206050807940060000008400002010000600003608000
000201000001030600060090080100040003430070096050903020810020034600000008003408900
010400308400000070050708100002003580070020040045600200004306020020000001501004030
030070080000000000100000002000040000008201700210638045300080009000509000091000520
030100000580000300004097000701000030040000050060000108000240800008000096000003020
008090010900000306060500090000840073000703000310069000070006030106000004050070900
003420080800006070000000302000750001901030805500084000307000000090800003080073900
000090000208603107007804600080000020000967000009000400003080200504000308800020005
012600300480009000070000040300290070000000000020041003030000050000300027008005630
030000080005010300000362000002080100400000007010050090058000970070836040000705000
000400083030800640900003070700048000050000090000510008020600009098004020370009000
300005200900000870005600003010050000004389500000020080400001700053000009007200008
000020000000406000045080130000040000090503010500060009009000600680050041410000075
080050010107200000020060407000005000605329108000400000802030060000008203030040080
106500200000000650002300041024006000500030006000900420460008300013000000008003705
000409000000000000280030097030000060007602400050070080300000002065020940000501000
084306001000800000190000600050900408000000000803001070002000045000002000700408160
000200000540003000603000070710050080008010300030020091020000603000600058000009000
000600007000080035000005906401790060000804000080016309807200000940070000200009000
070500090450009721086000400030050009000137000500020070004000650325800017090005040
503702400001000760000001003005040019200000007710060500800300000046000300002408106
003080600620395048080000030050020070060409010000506000500204001040000090100000004
070021095900007200005060007208000000501000904000000501400050100009700006650810040
300948002000000000001502700020080010030000070007010800080405030600000008009000400
000700400060500010400032000004070062006415900180060700000650007040007080003004000
280015094600087002000900000570000400920000053004000029000004000800590007790820045
000010000891050643250000089900506008500000006006307200048000310000000000030040090
000010000007020400000948000018403590600205003005000800000000000050801040804000709
004620000008500600060007014006803057700000006850702400480100060005006100000078900
000368000080401060004000900903000802065000790000000000000070000007859200058000370
000054090600100500075000200400807020800040005020506007001000350002001009060970000
000003040000060900028074005200030804004109500907050003600790420002040000040800000
210006000000004206040002007075400800106050402002008570700200040809100000000600018
200000004031609780000000000092705640600000007004060300040000020100020003806040901
200800005087050310050006080008000006090060050500000100010300070062070940300004001
009502300630000052700803001000305000000000000040907020500000006070204030080106090
500080003040703050000060000850000016006905800010806020000491000001000400600000007
030547080090801020000000000281090576000000000007020900800000007006000200700659001
906040000400300000017050009060008000074601950000500060800060720000004003000020805
904000306020000050800000001600408002000607000210030067000000000100749003003102800
308500094600000500020008001004803005000060000800205600400900030007000009950004106
