083020090000800100029300008000098700070000060006740000300006980002005000010030540 183524697547869123629317458235698714471253869896741235354176982962485371718932546
200050006010000090600801003007090600000703000900080002100000005060902010003060200 284359176315627894679841523857294631426713958931586742192478365568932417743165289
590000007040010083008034900001402000069000820000109300004670200980040030700000016 593826147247915683618734952371482569469357821825169374154673298986241735732598416
006000200900000004243000896000591000002080300400203001300000007000907000010408020 576849213981326574243175896837591462162784359495263781358612947624957138719438625
000000000560000032230040079000060000070501090000708000053000920009806500700000004 987312645564987132231645879192463758678521493345798261853174926429836517716259384
000310000060097040001420300030000502786000139502000060003059700020680010000074000 249316857365897241871425396134968572786542139592731468613259784427683915958174623
076009400000801007300000009610307080000090000020108034500000006900204000001600790 176539428295841367348762519614327985853496271729158634582973146967214853431685792
103070002000000040090005001020100503007000200405002060200800030050000000800020709 183674952562981347794235681928146573617358294435792168271869435359417826846523719
850000031000070000000809000003000600970301052000020000100407006205000307000080000 857642931492173865361859274523794618978361452614528793189437526245916387736285149
031006009000040060008007300184070020000000000090020148005800400040060000300500780 431286579957143862268957314184379625526418937793625148675832491849761253312594786
100605009000000000053010840000951000000060000002080600607000905300807002009000100 128645379964378251753219846436951728871462593592783614687124935315897462249536187
000030000560749083000802000000000000001608500090307040300090006070103050005000800 847531962562749183913862475756914328431628597298357641384295716679183254125476839
074800900001050004500000063000305008060070090900106000730000006800030200005004830 674813925391652784582947163427395618163478592958126347739281456846539271215764839
070000010000040000600208009860000091300106007002000300000070000050804030906305702 478963215529741683613258479867432591345196827192587364234679158751824936986315742
300090002020104000000300700603500080870000014010007605002001000000905020900030006 381796542726154398594328761643519287875263914219847635432671859167985423958432176
520010007080040032007500100000000700410060059002000000009006200360070080200050043 524613897186947532937528164653491728418762359792385416849136275365274981271859643
502070430000400050000020700400502073000010000970603001008050000010004000059030807 562871439837469152194325768481592673623718594975643281348257916716984325259136847
040062000900000020026300480000004870007000600052800000085001360030000008000530010 548162937913487526726395481361954872897213645452876193285741369134629758679538214
040280030010006007609070008000092000900000004000740000500020803400800010070035090 745281936813956427629374158384692571967513284251748369596127843432869715178435692
000600309306700010001004720900500000010000070000006001053900100070005804809007000 748621359326759418591834726987513642614298573235476981453982167172365894869147235
030004000000800020900026400100000050049050170060000003003740009020001000000500060 238174695416895327957326481172439856349658172865217943683742519524961738791583264
000000407702000090059700030000186002004090600300254000030001920090000704801000000 683912457742635891159748236975186342214397685368254179437561928596823714821479563
040607080100050004003104200006803100000000000480070053020000010507000908000030000 245697381198352764673184295956843172732516849481279653324968517567421938819735426
024600007006070000003800560000200800300000004002001000069002100000030600100006240 824615397516973482973824561657249813381567924492381756769452138245138679138796245
608000301700050002040000050200608004105020708000070000000000000810000079070103080 658742391731859642942316857297638514165924738384571926529487163813265479476193285
003010800900050006700040003000104000070000050090578020040000080107000905502090407 453617892918253746726849513835124679274936158691578324349765281167482935582391467
070090040140208037900010008080000090201040603400000001010000020000629000700080009 872395146145268937963714258387156492251947683496832571619473825538629714724581369
000030600040800901006700005083000200600040008005000490900005800501008030004090000 158239647347856921296714385483971256629543178715682493972365814561428739834197562
001000008709300001008701093000160050000000000080049000830402600900008205600000300 351924768749386521268751493497163852123875946586249137835412679974638215612597384
004070900700020008000000000003902500450000029090107080040000030006304200900080001 364871952719523648528469713183942567457638129692157384241795836876314295935286471
302090000080000000407056000030007069040601050670400030000360501000000090000010706 362194875589273614417856923231587469948631257675429138794362581156748392823915746
000003500036405070100000060610309040000040000020706038070000009060504380008100000 297863514836415972154927863615389247783241695429756138571638429962574381348192756
700040006000759000900801003000524000030000020400000007501000208080000010209000304 715243986863759142924861753697524831138697425452318697541936278386472519279185364
009103002000060830000004009008000020910050048050000700200600000096010000100207300 849173562721569834563824179638741925917352648452986713275638491396415287184297356
000000000007010200800603001005908300000040000020000050001762500500000008060000020 219457836637819245854623971145978362396245187728136459481762593572394618963581724
078040600600000590500610000000000009019402350200000000000038005065000003003090480 978345612631827594542619738386751249719482356254963871497238165865174923123596487
007000500000080000900070001025108930003000600009000200000503000700000006010207040 267431589541982763938675421625148937183729654479356218894563172752814396316297845
000000000012080450005206700004801200000000000290050068800000002000379000063000970 738514629612987453945236781354861297186792534297453168879645312521379846463128975
021408000004002730630090000000009043003000600450300000000060074046100500000804360 721438956594612738638795421162579843873241695459386217285963174346127589917854362
000080000002000500000702000500000003036000740900000002300801007008040900095030680 713985426682413579459762318521674893836129745947358162364891257278546931195237684
050600090800051020006002030300007000041000270000100009080400700090280005010005080 152634897839751624476892531328947156941563278567128349285419763793286415614375982
500007000200900800000000460020710005000506000600039040087000000005001009000800006 536487192241963857879125463924718635713546928658239741387692514465371289192854376
010700000406020000902105000048090000601000507000050840000503702000070906000006050 815764293436829175972135468548397621691482537723651849169543782354278916287916354
704000905010040070089050310000010000000708000300604001070000090032000450400030007 724183965513946872689257314297315648146728539358694721875462193932871456461539287
090602005080100000004050000000000082060403050950000000000070100000005060600908030 197682345586134729234759816413597682768423951952861473345276198879315264621948537
700000810040008200000206003000320900200804007003067000800602000009500080051000002 762453819345198276918276543174325968296814357583967421837642195629531784451789632
000208006900050800020000090037080000500040003000070680010000040009030002400507000 751298436946753821823461597237685914568149273194372685315926748679834152482517369
009107300704000908030000060078000530000308000400000009500409003800070005001000400 689147352724536918135892764278964531916358247453721689567419823842673195391285476
040901050600000001150000027004708500071000230003000600000216000000803000010070060 847921356632587491159364827264738519571649238983152674495216783726893145318475962
006100002080020000034805000307000040060000090040000103000601930000030050500008200 756194382981326574234875619397512846162483795845769123428651937619237458573948261
900000005004129600000605000040060020000708000780000063007000300020304080008050100 976483215354129678812675439543961827269738541781542963497816352125394786638257194
000080004709004530800000600000400700307906405005002000002000003038500109900030000 526381974719264538843795612291453786387916425465872391172649853638527149954138267
200003004004100000008060790500010020002406500010050003021030800000001300600800005 267983154954127638138564792579318426382496571416752983721635849895241367643879215
000028000027300860300000041000500700010000020003006000730000004048007690000980000 451628973927341865386759241894512736615873429273496518739265184548137692162984357
000905100140020005002006000006000002400802009800000400000500700700080054009204000 678945123143728965952136847396417582417852639825693471234561798761389254589274316
310500000600008004004007090002000010500070002080000300060800900400700005000001073 318594267679218534254637198942385716536179482187426359763852941491763825825941673
008020900600000005500901002001070500072000690300000007000407000010503020050010080 138725964629834175547961832961372548472158693385649217296487351814593726753216489
100700050000008300409060080600000090000307000010000002090020105003500000020006004 186734259257198346439265781678412593942357618315689472794823165863541927521976834
000693000064000380020000050001902700000507000030000090006070500070208060082060470 857693214164725389329841657641982735298537146735416892916374528473258961582169473
100009600200006009040000010500390480080605070092087001020000050700500008003900007 175849623238156749946273815517392486384615972692487531829761354761534298453928167
000109000108000509009532100300070004051000860002000700904000308063000420000000000 537189246128764539649532187386271954751493862492856713914625378863917425275348691
300600005029700060000093040007000054006030700280000600060310000090005120500009006 371624895429758361658193247137286954946531782285947613864312579793465128512879436
000080000010506030000473000000000000402000603038040790043000960500000008800102007 365981274714526839289473156971368425452719683638245791143857962527694318896132547
100073206007010000203005710405000000730000058000000304021300805000090400304560002 158973246697412583243685719465839127739124658812756394921347865576298431384561972
000908000006050300005000400100080007000501000090060080010020070040705030700406005 231948756486157329975632418154389267862571943397264581519823674648795132723416895
700821006009000500800000007100000004040080090070502010060000030000219000000603000 753821946629734581814965327185396274342187695976542813261458739537219468498673152
000000000007195200400000005069000830000080000700203001300709006004020100076030980 825346719637195248491872365269451837513987624748263591382719456954628173176534982
900500302050000070000034001000006710300020006081300000700140000040000090209005008 974518362153962874862734951425896713397421586681357249738149625546283197219675438
050030070007000800604207509000000000070506040502809703006000200005090400720000096 258934671937165824614287539869743152173526948542819763496371285385692417721458396
300600080069000000800049003000010300073020450001070000500280009000000830020004005 314652987769831524852749613295416378673928451481573296536287149947165832128394765
805000040006003001000890600000018050000207000020350000009036000400100900070000104 835761249946523871217894635394618752651247398728359416189436527462175983573982164
000040000020609010006308700050090020008000300930000074080502040043000260500000003 817245639325679418496318752754193826268754391931826574689532147143987265572461983
000503021000200450000040009600390870000000000092076003900030000084002000260704000 479583621813269457526147389645391872738425196192876543957638214384912765261754938
800600040040090607700300001009006302000201000208900500500003009903010080020009005 851672943342198657796354821419586372675231498238947516587423169963715284124869735
002805000030064720060020009320000008016000370900000062400010050051480090000506400 192875634538964721764123589327651948816249375945738162479312856651487293283596417
508000004090003060006000705020315000000708000000426070901000600040800050800000301 538167924297543168416982735724315896365798412189426573951234687643871259872659341
006704900000050000070613050002090500005000300030502060600107005900000007010040030 586724913321859476479613852762391584895476321134582769648137295953268147217945638
005000600080926040020050080092000160400090005000802000009000300040060050001509800 935478621187926543624153789792345168418697235356812497579284316843761952261539874
021500000000083020006000800000800001038000450700006000002000500050620000000001730 821569347547183629396274815264835971938712456715946283172398564453627198689451732
200034007080090000100000509092800000500000008000003160608000001000060050900270006 259134687487695213163782549392816475516427398874953162638549721721368954945271836
800030000030009002061080073002000090000706000070000500350010460400900020000070001 829137654734659812561482973682345197145796238973821546357218469418963725296574381
605080024400010700030000006000496000890107045000852000900000080001040002240070509 675983124428615793139724856517496238892137645364852971953261487781549362246378519
000002901000100050006080040078940100000000000009023580030050800090007000805300000 583472961924136758716589243378945126452618397169723584637254819291867435845391672
001000700923000841080000030500000002000106000010902060000208000702000905040507010 451389726923765841687421539564873192279146358318952467195238674732614985846597213
806020730025900060000030000001702000400000001000405200000060000010009620067050408 846521739325978164179634582691782345452396871738415296284167953513849627967253418
001002008870100000300800560000000090090435010080000000046007009000006052200500600 961352748875164923324879561153728496692435817487691235546217389738946152219583674
360075004000308006008060700740000090805000407090000053002030500500704000900250071 369175284457328916128469735746583192835912467291647853672831549513794628984256371
610000000040600500307009004003804001000050000400903600900400207008005030000000056 615347982849612573327589164563824791792156348481973625956438217178265439234791856
000500700095070006000002850100000907007010200908000005063800000700050640001004000 612589734895473126374162859136245987547918263928736415463827591789351642251694378
000401000006000400050020070090108020800000006000607000009856300430010065000000000 783461259926785413154923678695138724871542936342697581219856347437219865568374192
005010200300040007100309004006907300071000890000000000600080003030425060000000000 745816239389542617162379584826957341571234896493168752654781923937425168218693475
020460090410090026000002000004000005350000079700000600000600000290050068070023040 825467193417398526639512487964781235351246879782935614148679352293154768576823941
000030000050408060000701000002000600500090004000386000120000078007000200804102905 278639541951428367643751829782514693536297184419386752125963478397845216864172935
908257604000906000063010250030090060009060400005348700070000080004000300000000000 918257634542936817763814259437192568189765423625348791376429185294581376851673942
000701000054080001002006080000105030009000700020604000090200600200060340000907000 983721564654389271712456983867195432149832756325674198598243617271568349436917825
010000000308192000600480700700000906100000002904000008001074003000926107000000040 412765839378192564659483721735248916186359472924617358861574293543926187297831645
060003000008070001000820706300004008607000204500900003104095000800010400000300010 762153849938476521415829736329764158687531294541982673174695382893217465256348917
000000000020406030090573020081000750000748000607000208800000002000030000069000180 573182649128496537496573821381629754952748316647315298835961472214837965769254183
200000009300090008005603200070040050160000047500108006003060400000501000000000000 217854639346792518985613274872946153169325847534178926753269481498531762621487395
091600200706004000024800000045002000000518000000400320000006830000100502007005690 891673254756294183324851769645732918239518476178469325512946837963187542487325691
025000170000503000300010005008000400007000200400762008000936000000040000706000804 925684173681573942374219685258391467167458239493762518842936751519847326736125894
200081009080700020001500800600000790500000008039000002007006500090003040300840001 265381479983764125471592836618235794524679318739418652147926583896153247352847961
000000000001837400004902500040000090508000207200070006700000004030020010005060300 923654781651837429874912563347286195568149237219573846782391654436725918195468372
594060700000000000600100840000900008940030062100006000052007004000000000009040135 594368721817429653623175849276954318948731562135286497352617984481593276769842135
900340500000001000418000032000000310600050008073000000750000429000500000004072003 926347581537281946418695732285769314649153278173428695751836429392514867864972153
300600000470001000001070200000029600050703090009140000003060100000800065000004007 398652741472391856561478239847529613156783492239146578783965124924817365615234987
048600100200901508090000030000700000005216800000008000030000020109407006006003950 548632179263971548791854632684795213375216894912348765837569421159427386426183957
070604020000308000006050400000769000005000700090000040650000089407000601030506070 573694128214378965986251437348769512165842793792135846651427389427983651839516274
001500020000100605080096000073008000002751400000300270000910060107002000020004300 461583927239147685785296143673428519892751436514369278348915762157632894926874351
300100008090008310001700094000003650000000000043200000280004100039600080100005009 354169728792548316861732594918473652627951843543286971285394167439617285176825439
000702000007060400092000730010000020800107003004000500340000069020508070000000000 486732195137965482592814736713456928859127643264389517345271869621598374978643251
005083040600900000000014002501000080809000401060000209700140000000002004040570800 215683947674925138983714562521497683839256471467831259796148325158362794342579816
080900000051004087000380050010000802004000900508000010090048000170600490000002030 683975124951264387427381659719536842234817965568429713395148276172653498846792531
200067050000408270097000100050900300000000000004002060009000730031509000060730005 243167958615498273897325146156974382928653417374812569589246731731589624462731895
090800600007040005400063070008000009059000340700000800070150003900070200005006090 593817624867942135412563978128734569659281347734695812276159483941378256385426791
400200000020070560007006030200301070000000000090708002040900100019040020000003008 456239781321874569987156234264391875738425916195768342643982157819547623572613498
003070600054003070900040032010000000409030507000000080590020004040600250007050800 823971645154263978976845132712584396489136527635792481591328764348617259267459813
005000070160700080002800104000607430000020000076403000309008700010004098050000600 485912376163745982792836154521687439934521867876493521349268715617354298258179643
040050030090010060007304800060000020000603000400000006050908070706000409000020000 648259137593817264217364895865471923172693548439582716351948672726135489984726351
070200001580003002000070300010007800000000000009600040001090000400100056200005030 973256481584913762162478395316547829745829613829631547651394278437182956298765134
001000700095080630030000080003956800004801200000000000010000020009402300400060007 841623759295187634637549182723956841954831276168274593316798425579412368482365917
054001000030270004200000710000060008076000430900030000097000005800059070000600280 754391862138276594269548713413765928576982431982134657697823145821459376345617289
000600000080059160014200300070000601020000090306000070002006510058920040000005000 795631284283459167614278359579384621821567493346192875932746518158923746467815932
000000637200010000075008000060009405904050306503800090000100570000080003659000000 891542637236917854475638219167329485984751326523864791348196572712485963659273148
060030900007006002100700050080604700300090005006305020040007008700500600001040070 265431987837956142194782356589624731372198465416375829943267518728513694651849273
470080096000000000002954300000000000901205604700349002300706009107000205000000000 473182596859637421612954378524861937931275684768349152345726819187493265296518743
301000900040000020600870100500304000002000300000206005007089006050000080006000701 371642958845931627629875143568314279192758364734296815217489536953167482486523791
000040200000300605500802070800007000020506090000400007090701003201003000006050000 987645231142379685563812974835197462724536198619428357498761523251983746376254819
509070068000009300000408000001000036390000021620000400000905000008700000270080609 549371268812659374736428915481297536397546821625813497164935782958762143273184659
900000520016070000008003006060020000002306400000010090600200100000060240043000005 937681524416572938528943716861429357792356481354718692685234179179865243243197865
100060009003700600060004050005902010300000006020608500050300080006007900400050002 142563879593781624768294153675932418381475296924618537259346781836127945417859362
500800001000004000004612300035000608002000500608000190006125900000300000100008002 527839461361574289894612375435791628912486537678253194786125943259347816143968752
000506000000010000180473065000107000800060002300080004000000000690701083005948700 947526831563819427182473965426197358859364172371285694718632549694751283235948716
250008703008000000009067000000023001003000400600710000000980200000000800702300059 256198743178435926349267185497823561813659472625714398534986217961572834782341659
000005030210009008005130042001000007030000010900000600150062300600800075040900000 894625731213479568765138942481396257536287419972514683158762394629843175347951826
200007108007090400860105070608000700070000090002000601020709064006010900309800007 294367158517298436863145279638951742471682395952473681125739864786514923349826517
400900001030450090000021000003000085059000420740000300000570000070062050200009008 482936571136457892597821643623794185859613427741285369914578236378162954265349718
900200006003080000006905320008000102050070030204000600069508700000040200800003005 915234876423687591786915324378496152651872439294351687169528743537149268842763915
070000050108509704090000060003080200800000003904603508009807400040050080500030007 372146859168529734495378162653784291817295643924613578239867415741952386586431927
970000024000090000340000071009000200020109060000070000207080406001704800060203090 976831524152497683348526971619358247725149368483672159237985416591764832864213795
290000035007509100501000908004010300000807000003090200400000009070000060010706050 298471635367589142541362978784215396629837514153694287436158729875923461912746853
604003089800600100010020006500000010008000600070000002900040030001005008750800201 624173589897654123315928476562397814438512697179486352986241735241735968753869241
005900000010804700900000001500300400203000805001005007100000004002708060000009200 785912643316854792924673581579381426263497815841265937198526374452738169637149258
400008062500027800060500000380000100020000090005000073000003080006750009730900005 473198562519627834268534917384279156627315498195846273952463781846751329731982645
000061090506000103000000502300054000010326050000710006409000000103000709070290000 234561897586972143791483562362854971917326458845719236429137685153648729678295314
026030190100060002800000003030407010000000000008309600060020040005000900970000081 726835194193764852854291763639457218517682439248319675361928547485173926972546381
504020807700000003000703000008030900005090400000604000800302001020060050600080009 534921867791846523286753194468537912315298476972614385859372641123469758647185239
060000000000071006009602700027040500040103020008020910001208300300590000000000080 764839152253471896819652743127946538945183627638725914491268375382597461576314289
300006000050009002900240003601002000020050010000100907500094008800500030000800009 342716895156389742978245163631972584729458316485163927513694278894527631267831459
008090700040207080210000096000306000000050000300070008003148900701000605002000800 538691724946237581217584396874316259169852437325479168653148972781923645492765813
009530201001000000053010000200100030035040120090008004000090340000000600306057900 869534271421976853753812496248165739635749128197328564582691347974283615316457982
605900003000030700040260001000000108082000530501000000100059040004020000700003209 675918423218435796349267851437592168982671534561384972123859647894726315756143289
000103000000469000400070001083000240500802009090000050020090010800604005006521800 259183764731469582468275391183956247574812639692347158325798416817634925946521873
020509040100070008007000500200604001060000090300105006004000300900060004030201070 823519647145376928697482513258694731461837295379125486714958362982763154536241879
000705800140283000000000002010000024420030087760000050500000000000572063004809000 296745831147283596358196742819657324425931687763428159572364918981572463634819275
061000000240070000000609030036008000004702300000400680010206000000090027000000150 361524978249873561578619234136958742854762319927431685715246893683195427492387156
400003009050607080000590000120000890003000100097000024000068000030905070900400005 462183759359627481718594236125746893843259167697831524571368942234915678986472315
004302800600080004300000009000000000030564070040708060050000090200040003000871000 574392816629187534318456729786219345132564978945738261851623497267945183493871652
001083070600004300090000001980050000700108002000030087500000030003500009060370100 421983576657214398398765241982457613736198452145632987519826734273541869864379125
000753020050000000003002001300600200097010630006007008500800100000000080030241000 861753429452189376973462851385694217297518634146327598529876143614935782738241965
074018030800600000100009000000000064080701020230000000000500001000007008010860790 674218935893675412125439876957382164486751329231946587768593241349127658512864793
850600000009230000000000305004900070010000090020006400408000000000053100000004039 853617924149235867762489315684921573317548692925376481438192756296753148571864239
050000400000060103463001900006907000090040070000203600004500798809010000005000040 251379486978465123463821957186957234392146875547283619614532798839714562725698341
100300760075000000380500009001003004040000070800900100500009012000000490094002003 129348765475296381386517249961783524243651978857924136538479612612835497794162853
009460080500000016000007000300280700020040090004036008000600000980000002010028400 139462587547893216268517943391285764826741395754936128472659831983174652615328479
000901000008060100030000060050000010200000003607010509400070005000000000096050420 764921358928563174135847962853794216219685743647312589481279635572436891396158427
000700408050000027070900030000004670500080001067200000020003010310000040605002000 293751468851346927476928135982514673534687291167239854728493516319865742645172389
604900038200047000000300006020000607060010090408000050100006000000270001730004805 614925738283647519975381426521439687367518294498762153149856372856273941732194865
200840005000100009059200001007600040000090000030004100300002580900007000800063002 213849675786135429459276831197658243642391758538724196364912587921587364875463912
010000830004375100000009000800004200040000090007200005000900000001648700038000010 519426837684375129372819564863594271245167398197283645756931482921648753438752916
500801003020003050000052089107000034000000000380000507230180000070600010600305002 549861723826973451713452689167598234952734168384216597235187946478629315691345872
300000050040600070507038600009000001053000960600000800005890702030005080090000006 326947158948651273517238694289576341153482967674319825465893712732165489891724536
040000000700004068896000004210068400000010000007340081600000295150200006000000070 341685729725194368896723514219568437438917652567342981674831295153279846982456173
502000807090070010000812000000943000039000720080000040008429100000000000970000054 512394867893576412746812935267943581439185726185267349658429173324751698971638254
900040007000070000360000018026090830100000009000406000000000000704000205000857000 951648327248173956367529418426795831175382649893416572519264783784931265632857194
090054020160008035000100000370000200200000001005000083000001000930200018010830050 893654127164728935752193846371586294289347561645912783528461379936275418417839652
000000890000060003300000671020580360000901000074026080496000007800030000035000000 261473895957168423348259671129587364683941752574326189496812537812735946735694218
003026090500000600000000204000063800900508003008790000102000000005000006060410300 473126598529384671681957234754263819916548723238791465142635987395872146867419352
030000000106500700000300049400700010501000902070002008250003000007009604000000030 834927561196584723725316849482795316561438972973162458258643197317259684649871235
030700100060090074407800300000070402020901050703020000006008209340050080002007040 238764195165392874497815326819573462624981753753426918576148239341259687982637541
000010000060040201000009064090003500807090406004600090140300000905060020000050000 483216975769845231512739864691473582837592416254681793148327659975164328326958147
502000109060000030008305700000406000070812060600000008410000083000000000300050001 532768149769241835148395726851436972973812564624579318415927683296183457387654291
000016900000305068600000000051020006007904100300060740000000009840609000002850000 583416927129375468674298315451723896267984153398561742736142589845639271912857634
059020000000080560680001200000300006040060020100008000004800057038090000000050480 359426871412987563687531294825379146743165928196248735964812357538794612271653489
040002000100009307050078000005000030001040200090000400000280090607300002000600010 749532861128469357356178924475826139861943275293715486514287693687391542932654718
502400003001060000003805492006030701020109040104020900438901200000040300200003104 582497613941362857763815492896534721327189546154726938438971265615248379279653184
000000000406708302000201000600080003080502060047060580390000047020000030005030800 572346918416798352839251476651487293983512764247963581398625147124879635765134829
000170400000009017000048090090000008410000059600000030070980000120500000004027000 965173482248659317731248596593416728417832659682795134376981245129564873854327961
800000601065100080200004050009201070000050000080903200050300002010005790602000003 843597621765132984291684357539261478426758139187943265954376812318425796672819543
100060005036051070000300010050937400410506087007814050060005000090670540500090002 142769835836451279975382614658937421419526387327814956763245198291678543584193762
000604100017000020200070050500903001001000900300706002020060005040000230003208000 835624197417539826269871354572983641681452973394716582928367415746195238153248769
000200906000007520001400780000700400060080050007002000012004600035100000908003000 873215946496837521521469783389756412264981357157342869712594638635178294948623175
310602089000090000600000003402000501180040062030205090000000000820509046000168000 314652789278493615659871423492386571185947362736215894561724938827539146943168257
002000100415000638700000004600050009080030070007901800000020000308070405000403000 892346157415792638736518924643857219189234576257961843974625381328179465561483792
050690308006000010200700000000060900072050860004080000000002007010000600907046080 751694328846523719239718456185267934372459861694381275568932147413875692927146583
000087905000001040080540070000302800500010007003704000070025090040100000302490000 431287965657931248289546173794352816526819437813764529178625394945173682362498751
080700020600000040002601709004006038300508002820100400908407200010000004040002060 185794326679235841432681759754926138391548672826173495968457213217369584543812967
300400000007030040080005000400053001020010050800270003000500020030090800000001007 312467985567938142984125736496853271723619458851274693178546329635792814249381567
053100060000007008400060000020500800609000703007003020000080005200700000090006140 753128964962347518418965372321574896649812753587693421176489235234751689895236147
000000000020405010800090007900607003076000250001030700250010078060070040000000000 634721895729485316815396427942657183376148259581239764253914678168573942497862531
308061009006000300040500076500080600600305004003010002190007060005000700800690105 378261549256749381941538276514982637629375814783416952192857463465123798837694125
340801079800000005050070060003000600000000000970000054000905000004318500500704002 346851279817692435259473168183549627465287913972136854638925741724318596591764382
000000893560000004080001605000003240200070008046900000407600010600000089852000000 124765893563829174789341625978513246215476938346982751497638512631257489852194367
050060090004803500000715000305000201000309000400020003028000130009000600500000008 153264897274893516986715342395648271812379465467521983628457139739182654541936728
400100007050090010006050400000010008043805260700030000002060800090080070300001005 439128657857496312216357489625914738943875261781632594172569843594283176368741925
700200006004705080000034000009000004375000821800000600000410000060502100400008007 753289416194765382286134795619827534375946821842351679527413968968572143431698257
000051400001020090070006050240000305100000007507000084010500040090060800002310000 926751438851423796374896251249178365138645927567932184713589642495267813682314579
926500004030002076000000003090040005000908000200010060400000000680400090700003148 926537814834192576175684923391746285567928431248315769413879652682451397759263148
004500700020800060060071400000000006006417200300000000007130090080006050003004100 934562781721849563568371429475293816896417235312658947247135698189726354653984172
000067100070000000390800507600400000053080620000006009105003098000000010002790000 584967132271354986396812547629435871753189624418276359145623798967548213832791465
700809000002005093090030000461000800000000000003000561000040050840900300000207006 734869125182475693695132748461523879578691234923784561216348957847956312359217486
009004070000010405000205000006000023800902001920000800000407000408090000030500100 519634278682719435374285619756841923843972561921356847195427386468193752237568194
050003070130400062002000100700060030000501000090080001005000300840006027060800010 956123874138475962472698153781964235624531798593287641215749386849316527367852419
000065200060030070072001030900000014000309000750000003010500390080070060005690000 391765248564238179872941536923857614146329857758416923617584392289173465435692781
050102060000070000601050702002060800060809050900507004040000070005406300000080000 357142968429678135681953742512364897764819253938527614846231579275496381193785426
100400700050009010004030008000005107060000020901200000200060800030500040006004009 198456732352789416674132598423695187567813924981247365245961873739528641816374259
008700300020960000401008900030000209000609000904000070002800601000015040003006800 698754312327961458451328967136547289275689134984132576542873691869215743713496825
006009400007368200200000000700090500040050030009040007000000008001536700004200600 156729483497368251238415976713892564842657139569143827625974318981536742374281695
000701000910000045300020001204105309000060000005000400080030020070249050020000090 642751938917386245358924761264175389891463572735892416589637124176249853423518697
003105900200000004080020050000000000008907100410060089000070000000602000051090260 643185972295736814187429653769218435538947126412563789926371548874652391351894267
000002007097080001030001960300060000000504000000010005083100070900030210200900000 148692357697385421532741968351269784869574132724813695483126579975438216216957843
000060087800020050750800000080500009004000700100004060000008013060030004230050000 342165987819723456756849132687512349594386721123974865475698213968231574231457698
020809010003020400010060050070501030004080200000000000300706005100000003040000090 425879316763125489819364752276541938534987261981632574392716845157498623648253197
000204000300869001000000000564000123002000800700040005800105009050000080000020000 619234758375869241248751396564987123932516874781342965826175439157493682493628517
005040060700000200094000008000837400800090006002164000500000930001000002030080600 125948763783651249694723158916837425847592316352164897578216934461379582239485671
090000070820000904000640000160000085000706000940000026000098000706000092080000040 694182573821573964375649218163924785258716439947835126412398657736451892589267341
005238600000000000100000008080040020600000007023000180000904000904000805302805901 795238614248716593136459278587641329619382457423597186851964732974123865362875941
060200100001040003700903080005000308080060070409000200040106007500020800006007030 863275194291648753754913682615792348382564971479381265948136527537429816126857439
700000000082900003096000800900580106007060400605024008009000350200005640000000002 751438269482976513396251874943587126827169435615324798169842357238795641574613982
004010350100070900850900001000000800280000063007000000700008049008050002025040700 974612358163875924852934671549263817281597463637481295716328549498756132325149786
010009060008030000930502000500000700203000608004000001000603085000090300050800020 415789263628134957937562814561348792273951648894276531749623185182495376356817429
950700030007804002000000700820000006000102000600000057004000000700603400030007029 952716834317854962486239715823475196579162348641398257264981573795623481138547629
300009002040076080001800600690000800030000010008000037003005400010630050500700008 386459172942176583751823694697312845435987216128564937873295461214638759569741328
037000002000304001900020060010005003003000100600100090040050009300806000200000640 437618952562394781981527364819265473753489126624173598146752839395846217278931645
640300002009002006000069010035000008006070500400000160060590000500600200300007045 647318952819752436253469817935146728126873594478925163762594381584631279391287645
405100008003005600160300000006000080509070203080000100000001059001800300900003402 495126738873495621162387594326514987519678243784932165637241859241859376958763412
708502009090000020002000407500107002000000000400806005804000200070000050200904108 748532619196478523352619487583147962967325841421896735814753296679281354235964178
009060800000010000500802006070000030000000000030407060300000002120703048005080100 249365817768914325513872496674598231952631784831427569387149652126753948495286173
003200100080001020200030005020309004004000300600407080400070009010800030008006700 943265178586741923271938465827359614154682397639417582462173859715894236398526741
406001805050000030200000006800605000000020000000108003500000009030000010902800604 476391825158462937293587146841635792365729481729148563584216379637954218912873654
700240500009050060053000070060800400070030090005004080010000920030010800008062007 786243519129758364453196278261879435874531692395624781617485923532917846948362157
000002003004810090090000000045090010001000600060020740000000050050047100200100000 176952483534816297892734561745693812921478635368521749417289356659347128283165974
006401500300509001000030000205000703030040020670000058060907080000050000002304900 986471532347529861521836497295168743138745629674293158463917285819652374752384916
890000047006000500050020010000807000730060089020010070000050000500604002000981000 892135647146798523357426918915847236734562189628319475479253861581674392263981754
000570300090030007000409006002000040400207008080000900300908000500010020001056000 816572394294631857735489216172893645459267138683145972347928561568314729921756483
900200000008003027002040000001700003300902008800005600000020100730400200000009005 953217864418693527672548391261784953345962718897135642584326179739451286126879435
500000006000017000008450190007000080401000305030000700074035800000140000600000001 512893476349617258768452193957321684481769325236584719174935862825146937693278541
060000040800050009305000207001030900000786000020000030002401500000308000430000021 269173845874652319315849267581234976943786152627915438792461583156328794438597621
000004060873690024000800009007000030200000007040000500400002000790048213030100000 159234768873695124624817359967451832215983647348726591481362975796548213532179486
010957030000328000090000080000000000060201040005030100600040003020809070009000200 418957632756328914392416587134695728967281345285734169671542893523869471849173256
058000930000060000430080025080070060005106200096000140060507080000000000070040050 658724931219365874437981625182479563745136298396258147963517482524893716871642359
240900001005074009000000080010020005030405060800010040020000000700340500400002078 246938751185274639379156482614723895932485167857619243523867914798341526461592378
040803090900000008008406100060020080204000307000000000400187005605000701000305000 541873296936512478728496153369721584214958367857634912493187625685249731172365849
400070001070508030008000700003109400500204009000080000300701002042000610001000900 436972581179548236258316794623159478587234169914687325395761842742895613861423957
340002008002000900008030270104009000500020009000600507039070600001000700700900031 347592168652817943918436275184759326576123489293648517839271654461385792725964831
000070000001308700005401800000000000602000309010080050050040020030000080006523400 468279531921358764375461892549632178682715349713984256157846923234197685896523417
009401200200060001041000960003070100000000000000594000002307600106000702050602080 569481237278963541341725968483276195925138476617594823892357614136849752754612389
070090000001008005008500670080060700900804006003010020016007500700300800000040010 572196384361478295498523671184265739927834156653719428216987543749351862835642917
040000090000050000806000407000080000005020700002165900007603500609070302000000000 241736895793854126856912437964387251185429763372165984427693518619578342538241679
001080900060000080500000006300601007400207001010030090002070500670020018009000200 721486935964753182538912746395641827486297351217835694142378569673529418859164273
000010000400070003000385000048201760206000804070000020050000090900000008703050602 832614975465972183197385246548231769216597834379846521654128397921763458783459612
900500007040060090003009500005000001060000080200000700006700100090020060800003004 918532647542167398673849512735986421164275983289314756426758139397421865851693274
006502700200908004000030000000481000008070300700000005060307090001000500080050070 836542719257918634149736852523481967698275341714693285465327198971864523382159476
070400960204000007600501040007000609000080000905000100090603004100000706068007090 571428963284369517639571248827145639316982475945736182792613854153894726468257391
072501460000000000100407009800000005067105940009020600008000300000908000040000070 372591468594862137186437259831649725267185943459723681718254396623978514945316872
005003040100020300090060005500208000072000830000407002200040010003070006060100200 725813649146529387398764125534298761972651834681437592257346918813972456469185273
000580060700001400048000100070010009900207001200090080003000570002700003060059000 319584762725631498648972135576813249984267351231495687493128576852746913167359824
000470900014030020900002040007000005350000084100000600080100009070090850002047000 825476913714938526936512748267384195359761284148259637683125479471693852592847361
000806002900000400030000601060020008400709006300060070809000040001000007600407000 514836792986271435732945681167324958428759316395168274879612543241593867653487129
500008006002009700760400003000023000010000090000960000100007068004800200300200001 591378426432619785768452913946123857213785694875964132129547368654831279387296541
800060009096000170000705000920000017000000000041208390080040050004503900000627000 837162549596834172412795683928356417375419268641278395283941756764583921159627834
000047800800950260001000005010000900704060501003000070500000100079018006006590000 352647819847951263961832745615724938784369521293185674538476192479218356126593487
304600009020580004006000002007060030600000008090040600900000200400016050700008406 354621879129587364876394512247869135631752948598143627963475281482916753715238496
800065900004000070200409001000050009002903500600010000400607003030000200001530006 817365924964182375253479681348256719172943568695718432489627153536891247721534896
300050206290300000006040000000290067002030100480017000000020600000005074908070003 347159286295386741816742935531298467672534198489617352754823619123965874968471523
050090016000000200014072000000000083026000750470000000000320940002000000980010020 257893416839164275614572839591247683326981754478635192765328941142759368983416527
005070900060090020100000008400907002006000800002138600000000000200000004580604019 845271936367895421129346578438967152716452893952138647694713285271589364583624719
003001008010900250040000079000400500000176000002005000780000090031009040600800300 973521468816947253245638179197482536358176924462395781784213695531769842629854317
040860000009002500620530000150000200090000050003000048000025073002100900000098010 745869321389712564621534897154687239897243156263951748918425673432176985576398412
082400003907005000010027000000009062090000050260800000000170020000900704800006130 682491573937685241514327896748519362391762458265834917453178629126953784879246135
361080495000306000000000000050070080200090001009801300020000060035000170900000002 361287495492356817578419623153674289286593741749821356827135964635942178914768532
002010800400000005700509006084605170000000000209108304020000090000050000001207600 952416837436782915718539426384625179175943268269178354827364591693851742541297683
007600050300590000600003010006007000034105790000200600010900007000012009040006500 487621953321598476659473812596387124234165798178249635813954267765812349942736581
712500609000710002500006004005000078040000090170000400900400007400098000201007943 712543689864719532593286714325964178648172395179835426936421857457398261281657943
001070000060000320029006107006582000100604002000713400903100260072000010000020700 351278649467951328829436157746582931138694572295713486983147265572369814614825793
080910000004000010065700203700800030000050000030007002609003820020000300000049050 387912546294635718165784293746821935912356487538497162659173824421568379873249651
010500002000600004080027005000000061002090700190000000900780010400003000800001050 319548672275619834684327195748235961532196748196874523953782416461953287827461359
000000004920000803000589000061040000800602007000070960000754000309000075100000000 518326794926417853473589621761948532895632147234175968682754319349861275157293486
000408000041000820000050000050000030020137040800000009900060005005903600002000400 296418357541379826378652914154896732629137548837245169913764285485923671762581493
600900007093000000005460032000700001006832400200004000470029800000000710300007009 642953187193278546785461932834795621916832475257614398471529863529386714368147259
500340082600001400040005000024000008300000009800000310000700020001500004760018005 517349682693821457248675193124963578356187249879254316435796821981532764762418935
000000000750301029020604080200050004013000560008000900090000030000908000180507096 869725143754381629321694785276859314913472568548163972495216837637948251182537496
106450082200000400040007005007501008800040009500908100400300060003000004690074203 176459382259183476348267915937521648812746539564938127485392761723615894691874253
090163050020000090001809400000000000608010503200706008080000010070205080500000009 497163852826574391351829467715348926648912573239756148984637215173295684562481739
902070000030200000804000600410007000006102800000800017003000709000003080000040106 962478351137256498854319672418597263796132845325864917543681729671923584289745136
080003070306008000700900800900041000004000100000870002003005009000200501070100060 189453276356728914742916853927341685834562197561879432413685729698237541275194368
100020009600000008300508001008403700000000000000080000070090020030607090940000017 187326459654971238329548671598413762412765983763289145875194326231657894946832517
000304000380501094000070000000000000903040705060000030040806070600957008050010060 526394817387561294491278356874135629913642785265789431149826573632957148758413962
020900000009003050007046002084000001700050003600000290900160700070200400000009030 528917346469823157137546982384692571792451863615378294953164728876235419241789635
000004097006000504540007820050300702000605000708002050085400071407000200320700000 832514697976238514541967823154389762293675148768142359685423971417896235329751486
030000000080960053006020800000501030067000520040206000008090300620017040000000070 739158462281964753456723891892541637167389524345276189578492316623817945914635278
004000800069000450083000270040576010000020000010408020007050600400000007600307005 174265893269783451583914276942576318835129764716438529397851642458692137621347985
500090003200541009000602000070050060005109800000000000800010002000803000700406005 516798243283541679497632518978254361345169827621387954864915732152873496739426185
016020850090307060000105000059000610103000402000000000500000001004706300030000080 316924857295387164847165239459273618173658492628491573562839741984716325731542986
000200708000070050900001030000007200160805047002100000090700001080040000506003000 415236798638479152927581436849367215163825947752194683294758361381642579576913824
200700854600580000100090000000000072028000160970000000000050001000038006863007005 239761854647582913185493627356819472428375169971624538794256381512938746863147295
600507002000040000207000104060108040000000000031000580003000400700090003109302608 694517832318246795257983164962158347875634921431729586523861479786495213149372658
000005040810600050003210800700000930002050100031000008008092600020003085060100000 296785341817634259543219867754821936982356174631947528478592613129463785365178492
300009082750803060000026000821000030007000200030000916000670000070302095240500001 364759182752813469918426753821964537697135248435287916589671324176342895243598671
507000006040165000620000000000501064010000050250803000000000045000758030100000709 587932416943165827621487593398571264714296358256843971872319645469758132135624789
500000009760000052004000300080010060000709000600000001050000080400502007030070010 528637149763941852194825376985214763341769528672358491257193684416582937839476215
105000200020300000009008004040100560500080001031004090200600800000007020006000409 185469237427315986369728154948173562572986341631254798293641875814597623756832419
500270019609008700070000030080000003300020001100000070040000060001900304960054007 534276819619538742872149536487615293396827451125493678243781965751962384968354127
090506043020000150000008006005300000000905000000001700600800000053000090270409060 897516243326794158541238976165327489734985612982641735619873524453162897278459361
090010042070000600400006870004000130900050006023000700059600004002000060630020050 396718542278549613415236879764982135981357426523461798159673284842195367637824951
890010006050000040206007500607080000000605000000070109009100603060000020500090014 894512376753869241216347598627981435941635782385274169479128653168453927532796814
020800005754000068000001000007024080002000900010370600000700000970000813600008020 129867435754932168836451297597624381362185974418379652281793546975246813643518729
480900072109000608070000010000507006000020000600401000040000030903000504850009061 485916372139752648276834915324597186518623497697481253741265839963178524852349761
001406700040000020007000900000030000290000075004852600300704006005000100060000080 521496738946378521837125964658937412293641875174852693319784256785263149462519387
516000030090030006070009000004900210000000000083001500000700020800090070050000981 516824739492137856378659142764985213125376498983241567649718325831592674257463981
300905008080010060020608030000000000001000700204763501000050000509000602000209000 316925478987314265425678139758491326631582794294763581872156943549837612163249857
000040000009706100010090060100000004060000020283000657000108000608050309000020000 876241593359786142412395768197562834564873921283914657945138276628457319731629485
402907605060040090030000020083000950000000000000638000000804000005000200098506340 412987635567342198839165427683271954271459863954638712326814579145793286798526341
004020730230500040600000005000302010300040002040607000900000007020004091016030500 854126739239578146671493285798352614365941872142687953983215467527864391416739528
401007009000029800090300001710000500030040070006000082100008090009570000300400608 421687359653129847897354261718962534932845176546713982164238795289576413375491628
000900010100080700047001800008040001060308040400060500005100420001020009090003000 856937214129684753347251896978542631562318947413769582735196428681425379294873165
000053900430000000007000100500804010200509004010307006005000800000000053006930000 621753948439281765857496132573864219268519374914327586345672891792148653186935427
300070004001204800040300010010000470700000005056000080090001030003706500400030007 368175924971264853542389716819653472734812695256497381697541238183726549425938167
800007100000290000060000027408502000270060084000108702380000060000024000002600005 825437196147296853963815427438572619271963584659148732384759261516324978792681345
004007803301000700790030000500003000007405200000100004000080047002000608408300100 264917853381542769795638412546823971817495236923176584659281347132754698478369125
060000080900000002007000400080461090500000003001090200050608030004905800000274000 463127985915846372827359416382461597596782143741593268259618734674935821138274659
008010000300000070700280400030006000900805002000900040001043006040000008000090700 458317629329654871716289435135426987974835162682971543891743256547162398263598714
000070600980000050000003802300080510056000240019050007208100000030000025005060000 523874691987621453164593872372489516856317249419256387298135764631748925745962138
000100090700950002030024700500000000042030560000000004009260030300089006080007000 254178693761953842938624751593846217842731569617592384179265438325489176486317925
002030600007205100530608042700060005000809000010000060005020300300000001000396000 142937658867245139539618742728163495654879213913452867495721386376584921281396574
007809500500000008080070090001604700902103806005000900000701000050040060000060000 367819524519432678284576193831694752972153846645287931496721385153948267728365419
710060030000000020003000701400605000070324010000108006908000300060000000020040068 712469835589731624643852791491675283876324519235198476958216347364987152127543968
009030800000000000005807300300906002010000060920405031007000100000050000080201050 769132845831564297245897316374916582518723964926485731657349128192658473483271659
005201804000450010040000200050000009200090007900000080008000090010065000604903700 395271864872456913146389275457138629281694537963527481538742196719865342624913758
000002800400001023020090070003005200070000030008200900060070090390500001001300000 137652849459781623826493175613945287972816534548237916265174398394528761781369452
000000061003000570659000300004602090060090020030408700006000215085000900420000000 278935461143826579659147382514672893867593124932418756796384215385261947421759638
420105067700000002008000300590030048061000230000000000005642800000000000300809001 423185967719463582658927314597236148861794235234518679175642893982371456346859721
600010003090500080007003600003406020900000007020905800002100900060002010800050002 685214793394567281217893645753486129948321567126975834472138956569742318831659472
000070400090500620213400500000000170700000008089000000002003945034006010008020000 865271493497538621213469587326845179741692358589317264672183945934756812158924736
540096008008500009000800020200000960900000007086000003010009000800002400300180095 542796138168523749793841526275318964931264857486975213617459382859632471324187695
001030400040806050900004008098000070600000005070000820400200007010709040007050900 851937462742816359936524718598142673624378195173695824489261537315789246267453981
010000003409310000200000190060008000005070600000100070057000002000082407100000030 516829743479316258238745196761958324945273681382164579857431962693582417124697835
500010000008000605029500010003086000000907000000130800080004120904000300000060007 547613982318492675629578413193286754865947231472135896786354129954721368231869547
900000001000208000210000036064709280090000010000000000000040000002501900540090072 957463821436218597218957436164739285895624713723185649679342158382571964541896372
060010000005000003300090870006002004034000250500400700097060002600000100000080090 769318425285647913341295876176952384934876251528431769897164532653729148412583697
016402530703000802000030000060020090290000085800501004100000009000040000000859000 916482537743915862528637941465728193291364785837591624184276359659143278372859416
200059008000802600080100050490000107000000000807000094030006080006901000100730006 241659378573842619689173452495268137312497865867315294934526781726981543158734926
300207009000861000008030600000406000209000305400050006002305900000010000080000070 356247819927861453148539627835426791269178345471953286712385964694712538583694172
000001602008200000500039400056000021000060000890000370003420009000006100607100000 439781652768254913512639487356947821271863594894512376183425769925376148647198235
001034025005000007006000130000082009000406000900510000062000500300000900540820700 781934625235168497496257138614782359853496271927513846162379584378645912549821763
089070000600000030004096020001300005070000090500002100040680500090000004000020970 289173456617254839354896721921347685476518392538962147742689513895731264163425978
030004010700600000000070209500000826000030000196000003609050000000007004020100050 935824617742619385861375249573941826284736591196582473619458732358297164427163958
016000930700000008000312000023806170050409080000020000008000700040000060075080420 416578932732964518589312647923856174157439286864127395698243751241795863375681429
001000600203000705070060020000902000300080002008104900002010800005020400900000007 591273684263498715874561329147932568359687142628154973432719856785326491916845237
000015046400070500000400000340700050071000320090002074000009000009020001830140000 987315246416278593253496817342781659671954328598632174124869735769523481835147962
960708000780000090100090008000600012040010070510007000400020009090000056000309027 965738241784162593123495768837654912246913875519287634471526389392871456658349127
050000040200000008040090070002715300003020900000080000600070005000102000001509400 756831249239457618148296573962715384873624951415983762624378195597142836381569427
000000482704850906800000050500001007000000000900700004090000005207094308168000000 615379482734852916829416753542981637376245891981763524493628175257194368168537249
070600900000000070030010504080760009700040006200091080506030090040000000001008040 472653918615489273938217564183765429759842136264391785526134897847926351391578642
006000400710400850900800000240709000008000900000506024000008009029005081001000700 836251497712493856954867213245719638168342975397586124673128549429675381581934762
006040050700006200030280006050000100304000708008000020400073060003500002090060800 286941357749356281135287946652798134314625798978134625421873569863519472597462813
030070900700060003408000007000100850000905000085006000200000105300050002007020030 536274918721869543498513627973142856642985371185736294264397185319458762857621439
090040000002007005400035008760500000200080003000004016800160007100300500000050020 395846172682917435417235968761523849249681753538794216854162397126379584973458621
003000800400090005000201000300000002048000650007040900004608500070020010900050008 793564821412893765586271394359786142148932657627145983234618579875329416961457238
010305090070080030005070100007000300001000200500904006090862070000090000050000010 416325897279186435385479162967258341841637259523914786194862573738591624652743918
052070690000000000800506004007060800600294005000000000901000408006401900700000003 452378691163942587879516324237165849618294735594783216921637458386451972745829163
007830090300007000000009002053060001900103008800090630500900000000500007060024500 627835194394217856185649372253768941946153728871492635512976483439581267768324519
007009000060010270030600009600000100050080090008000007800005030075040020000200600 287539461569814273431627859694753182752481396318962547826195734175346928943278615
108000405307080206000000000000302000009000300280010047800906004010070050090000020 128769435347581296956234781471392568569847312283615947835926174612473859794158623
000085400000610000708002300906000040120000056050000103002700608000026000005190000 291385467543617289768942315936571842127438956854269173312754698479826531685193724
000403900080010070401000500700501009090070040300904002005000204040050080003806000 657423918982615473431789526724531869596278341318964752865197234149352687273846195
000807000500106007007090300003060900075000840009401600030000060000903000050080010 342857196598136427167294358413568972675329841289471635831745269726913584954682713
005000600012000380060030090090658020006000900801000703000921000100080005000503000 385179642912465387467832591793658124246317958851294763534921876129786435678543219
010002800400000070008030050006070004027000680800060500080040300050000009009500060 715692843463815972298734156536178294927453681841269537682947315154386729379521468
000706090070000002000013740500609004004000600300401007056390000400000060090208000 143726598679845312825913746587639124914572683362481957256394871438157269791268435
000300000810004000600050074209000043007090500350000209940070006000400057000006000 574369812813724695692851374269185743487293561351647289948572136126438957735916428
800106002000070000004903100700000009050000040308000701010060090073080620000409000 837146952195872436264953178721634589659718243348295761412367895973581624586429317
000006000050870090007250800500000180063000940021000007005021700010093050000500000 298316574156874293437259816549637182763182945821945637385421769612793458974568321
650000020008107036020000000000700809000030000906008000000000010310504900070000064 657893421498127536123645798235716849781439652946258173864972315312564987579381264
000004070280061950010230000690000700045000390002000085000072060027410039060900000 536894271284761953719235846698523714145687392372149685951372468827416539463958127
002000600090407030003020800400603007001000200030080050007050900000906000050030040 572318694198467532643529871425693187981745263736182459367254918814976325259831746
000090002009045800700200000003900008090301050500007600000002009004530100200070000 486193572129745836735286941673954218892361754541827693357612489964538127218479365
700400009008000200000053000480930600005000400006074015000310000009000300500006004 713428569658791243294653871481935627975162438326874915842319756169547382537286194
050306020400901003000000000000000000600873002090060080060030040007000500014080360 751346829482951673936728154278195436645873912193462785869537241327614598514289367
702009804000000100360800002500408300000050000007203001100005083006000000208700409 712539864489672135365841792521498376643157928897263541174925683956384217238716459
019500030073480500000000070008006050100000007050900300030000000001093840040005920 419567238673482519582139476398276154124358697756941382935824761261793845847615923
030089005002003000500040000000005690450000071076100000000060003000300200700890050 137689425642753819589241736321475698458926371976138542214567983895314267763892154
010080030005000100000501000020368050034000280900204007000040000072000690800090004 216487935785639142349521876127368459634975281958214367591846723472153698863792514
005403100080106020100000003020000010850902074790040032000801000000070000010305040 975423186384156729162789453426537918853912674791648532247861395539274861618395247
005030700010207060700000009000000000080040010200609005103000908500000006097050320 865931742419287563732564189351872694986345217274619835143726958528193476697458321
097030001003002600860900000075001000000000000000800240000009052001500900400060130 597638421143752689862914375375421896284396517916875243638149752721583964459267138
000060047008050130500100000060000004002030700100000090000004001045080200380070000 213869547698457132574123986869715324452936718137248695726394851945681273381572469
500001043001070020000200000000008530005010200067500000000009000050020800470600001 526891743841376925793254186214968537385417269967532418138749652659123874472685391
000710006000083904300000200715040003000000000600070192001000007406120000200068000 542719386167283954389456271715942863928631745634875192851394627496127538273568419
040590200020001035800000000080010003600302004300040090000000002260700050005028070 143597268726481935859263417584619723691372584372845691937156842268734159415928376
700090000300002807006700092930000000080206030000000084650009700108500009000020005 725198463319642857846753192931485276584276931267931584652319748178564329493827615
030050400800090001002006500013000000000465000000000750006200800200030009001080040 637851492854792361192346587513978624728465913469123758946217835285634179371589246
000930000760002004000400510007000650400060008029000400071004000500100089000095000 154938267763512894298476513817349652435261978629857431971684325546123789382795146
059030870760000045000605000000801000004723500000090000000908000900000001601000402 259134876763289145418675923526841739194723568837596214342918657975462381681357492
800010007020000040000503000030107080009602300600050001005030800001405900000000000 854219637123768549967543128532197486419682375678354291745936812281475963396821754
508000000910002006000000250009050000250703049000040700045000000300900072000000403 528436197914572386637891254479258631251763849863149725145327968386914572792685413
000000000070060020000174000300705006040030050005201800960000085030050070002000900 186529743479863521253174698328795416741638259695241837967412385834956172512387964
200600007037000460010300090000907508000060000902503000070002080029000670800006009 298614357537829461614375892163947528785261934942583716376492185429158673851736249
000080000020405070006000400700203004030809050005000300003000200501040907900060001 457986123128435679396127485769253814234819756815674392673591248581342967942768531
000010000800507004430906017003000700600070008020851090050060020200000003040000060 576314289819527634432986517183649752695273148724851396357468921268195473941732865
800006204052000080400900070700060500000209000001070002070001009080000460906400008 897156234152347986463928175729864513538219647641573892274681359385792461916435728
000489000700000005090000020007030900300000002060020030930000054052000860004060300 625489173783612495491357628247531986318796542569824731936178254152943867874265319
000000000530209076000706000700000004040502080150030069460895032800020005000000000 674153928531289476298746513783961254946572381152438769467895132819327645325614897
007030100800000005900402003160000058009507600040000020000020000300605009000703000 527839146834176295916452873163294758289517634745368921458921367372685419691743582
900700084100800900080005000004908071000000000710506800000600020002003007350007008 935712684127864935486395712564938271298471356713526849871659423642183597359247168
070480000400700000002000704908300040020070060010008903203000500000009008000045030 579483126486712395132596784968351247325974861714628953243867519651239478897145632
001000700003000400090802030307000901000060000500080003030596070000108000002403600 421635798683917425795842136367254981218369547549781263134596872976128354852473619
050000400090500062600087000004070090007429800060010200000190005830004020005000040 752963418398541762641287953284376591517429836963815274476192385839654127125738649
000804000820000053400000009090070010700010002001000500060501040009602100040000020 953824761827169453416753289294375816785416392631298574362581947579642138148937625
000700500300001090098060030100900000030504080000006005050090420080600003004005000 421739568367851294598462731175983642236514987849276315753198426982647153614325879
805400000000005307060007000000000035106020904930000000000800040201500000000009601 875432169419685327362197458724961835156328974938754216697813542281546793543279681
600000008070000040320809016007080400090020050000701000080305060410000095000090000 641537928978162543325849716157986432896423157234751689789315264412678395563294871
004000200080000010200000003007135800400706001000090000870060059050010060600070002 714653298583927614296841573927135846435786921168492735872364159359218467641579382
000163000080509060007080300410000039030000010008000700906000504020050070003000100 542163897381579462697284351415728639739645218268931745976312584124856973853497126
010600000602015090750000300065004081000000000840200760006000079090480605000006040 918643527632715498754829316365974281127368954849251763486532179291487635573196842
030612070000804000000050000010905020006070100000000000304060701500708004200000003 438612579657894312192357648713985426926473185845126937384269751561738294279541863
059000630610000029800060004900305006000709000000040000000020000560000072004806300 459278631617453829832961754971385246246719583385642197193527468568134972724896315
100480005000010000005002300002070004890306051500020800004600100000030000300054009 126483795938715426475962318612578934897346251543129867254697183769831542381254679
018090570907000803500703009001030600000502000080000010000000000079000450106000908 318294576947156823562783149251837694694512387783649215435928761879361452126475938
000040000650201047000709000900000008000060000020104090005000800810305026700806001 297648315658231947431759682974523168183967254526184793365412879819375426742896531
005800040900046000000075009031608005086000490200401360800510000000280007010003500 375829146928146753164375829431698275586732491297451368849517632653284917712963584
005201800090006010100300007840000502000000000501000093700005008050100020009408100 675291834394786215182354967843619572967532481521847693716925348458163729239478156
020409070000000000008070100400050002710000036000000000809000604001020700000304000 125469378374581269698273145483657912712948536956132487839715624541826793267394851
001002000008710000276940000304000500090105040002000709000097851000058400000400600 941582367538716924276943185364279518897135246152864739423697851619358472785421693
000000000008107500300060004005000700900204001100309008009805300850040062000000000 516492873498137526372568194235681749987254631164379258649825317851743962723916485
000007100049080026000000003130002405900105008208400017400000000590020830001700000 682397154349581726715246983136872495974135268258469317463918572597624831821753649
001000500000010000080903010208000103070000060300060008010236050090070040002409600 931642587526817394487953216268594173179328465345761928814236759693175842752489631
100480003000200900040093000006000032902000708580000400000340070005006000700029001 159487623638251947247693185476918532912534768583762419891345276325176894764829351
090003010503070006000504090201000900050000070009000205030807000900020304060400050 497683512513972846628514793241765938356298471789341265134857629975126384862439157
000050000500600000006901080790080201320000098801090075010305600000006002000010000 182754936579638124436921587794583261325167498861492375218375649953846712647219853
000000000784000692006080100950000013000903000060000080520804076800070005000020000 195642738784531692236789154957268413418953267362417589521894376843176925679325841
050000600007080004802500930000802500010000060009104000048003205900010300003000010 451739682397286154862541937736892541214357869589164723148673295925418376673925418
064000300010003675370000008040582000000401000000967030400000083137800090008000750 264758319819243675375196248743582961986431527521967834452679183137825496698314752
001700580700005021000210000096000004007080600300000290000073000670100008049008700 921734586764895321835216947296351874457982613318647295582473169673129458149568732
000090000050604090700030005070908050900201008002000900690000017003000200000060000 438597621251684793769132485376948152945271368812356974694823517583719246127465839
005070000674009000000205090007004801040000030501800700010602000000900275000040600 295471368674389152138265497367594821849127536521836749713652984486913275952748613
000000000080509030007000500005702100000306000023040650100873009900000004060000010 519437826286519437437628591695782143841356972723941658154873269972165384368294715
400305001007010600080060070000609000008427300600000005800000004120000087000080000 469375821237814659581962473713659248958427316642138795875296134126543987394781562
200000007301009000005108000900200010080597020050001008000802500000900402800000009 268453197341729856795168243937284615186597324452631978679842531513976482824315769
057601340000000000100907002000000000900010006020405070064090130000040000790000084 257681349639524718148937562416279853975318426823465971564892137381746295792153684
030000090905000301800030004709000508000865000500040003100403006000000000054701230 431578692975624381826139754749312568213865947568947123192453876387296415654781239
700009053590000010004500900800463700000702000002985004008004200030000045460200009 781629453593847612624531987859463721346712598172985364918354276237196845465278139
380000002020006000001004003690000300240901075008000096900200700000700030400000029 384197562529386417761524983695872341243961875178435296916243758852719634437658129
900010025103000000500378006000860047000105000630047000700486002000000709320050004 987614325163592478542378196215863947479125683638947251791486532854231769326759814
008400060500903800010000003020090054000732000890040010900000030001207009080009700 738451962564923871219876543627198354145732698893645217972584136351267489486319725
008003090000000865019008000004020100600304002002050900000800450136000000040200600 568473291473192865219568347354729186691384572782651934927816453136945728845237619
048532190000000000009000400006901300090000020700000005060195080004203500050040030 648532197275419863139786452526971348491358726783624915367195284814263579952847631
000301000600000007010080090570020063080506010009000400006703900090468070040000030 954371286638249157217685394571924863482536719369817425826753941193468572745192638
300000500004000316051400709000047005000163000100520000805002940423000800007000002 392671584784295316651438729239847165548163297176529438865712943423956871917384652
300056007000200300056010400500000080702000903060000001008070130007004000100360009 389456217471298356256713498594631782712845963863927541628579134937184625145362879
400000073802007000001000650090703000000060000000104080015000400000500906630000005 469215873852637149371489652198753264743862591526194387915376428287541936634928715
740005000010700430050010709004003008080109040300800100406050080031008070000400061 743925816912786435658314729124573698587169342369842157476251983231698574895437261
006300000000720600020009005007806023080000050360502100800400010004087000000003800 976351482435728691128649375547816923281934756369572148893465217614287539752193864
200005004060004080008020100130208000002000300000301029009010400070400060600900005 213865794967134582458729136135298647892647351746351829329516478571482963684973215
800200100200040000710008000050900700600507004003002050000800045000020008004009006 849265137236741589715398462458916723621537894973482651162873945597624318384159276
008090600000501000010080030305000702076000390900000008030607050000000000080040020 458392617263571984719486235345819762876254391921763548134627859592138476687945123
200060908007400000801023540002000080608050104070000600086310409000009800109040003 243765918597481326861923547912634785638257194475198632786312459324579861159846273
020001007000000950007360000203900780008102500049007301000023400082000000400800070 824591637361278954957364812213945786678132549549687321195723468782456193436819275
020000040609000703450000028300108009200607004000502000000000000042080690006274800 127853946689421753453769128375148269291637584864592317538916472742385691916274835
000005900020800050004790000079008020100302008080900560000034200060009010001500000 813625947927843651654791832579468123146352798382917564795134286468279315231586479
300000006094010520800000004030709040005060100000104000780903051013000970000000000 327495816694817523851236794132789645475362189968154237786923451513648972249571368
000100530600003000100520000050030809002809700901050040000095004000200003017006000 829164537645973281173528496756432819432819765981657342368795124594281673217346958
000000607900200010060401908030069000700000003000710040502107080070004002308000000 154938627983276415267451938435869271791542863826713549542197386679384152318625794
000605000000941000000030000100000007600020004090060010020050030034802960009000200 473685129265941873981237456142593687657128394398764512826459731734812965519376248
900600005020008340050000000090020001000306000600080020000000080068200050700001002 987643215126758349453192876894527631572316498631984527219465783368279154745831962
150007000076400000004005090002008107000709000307100600060900400000004260000500031 159267384876493512234815796942638157615749823387152649563921478791384265428576931
300000007000400100054207600001549370000708000076132900007604230003005000600000009 312896547769453128854217693281549376935768412476132985597684231123975864648321759
800003000030060028059008030007600000520000079000009200090500860760010050000800002 872153496134967528659248137987625341523481679416739285291574863768312954345896712
005000600960030012004000300020408030040593020008060500000907000100020007000106000 315742689967835412284619375529478136641593728738261594453987261196324857872156943
006900702050000900708002000500008300000010000002300004000400107005000090809007500 436981752251674938798532641567248319384719265912356874623495187175823496849167523
940310002302509000001000030000090700000745000006030000010000300000103805500082014 945317682382569147671428539124896753893745261756231498218954376469173825537682914
300000002190000047000105000000601000000753000600020003007509400053000810900804005 385947162196382547724165398538691274249753681671428953817539426453276819962814735
000000000160702054002401300059806140008905600310000095000000000600508007020070060 485369721163782954972451386759836142248915673316247895537694218691528437824173569
820760500600000001009034070000390000006000200000016000060940100400000005001027043 823761594647259381519834672785392416136478259294516738368945127472183965951627843
080700001000069850000005002070090003302000109900050070100400000048970000700003020 589724631423169857617835942874291563352647189961358274135482796248976315796513428
870506023060218040000000000030401060900000001018000350100000004000704000003020600 871546923369218547254937816537491268926853471418672359182365794695784132743129685
950200034740005068000700000090000506000000000107000020000006000430900012670002093 951268734743195268826743951392871546564329187187654329219436875435987612678512493
000600518001500007000430000007000006000709000400000200000046000500008900826003000 243697518691582437785431692937824156152769384468315279379146825514278963826953741
008600010200001900040508003031000406000000000604000890400706080006200007050009300 398624715265371948147598623531982476829467531674135892413756289986243157752819364
052008600400605070000090000600000920029000450043000006000060000030807001008400290 352178649491635872786294135675341928129786453843952716217569384934827561568413297
490000018000020000000409000005000900900805002108000603209000701000302000080060090 492657318857123469613489527735216984946835172128974653269548731571392846384761295
000000080900046700062050000100905002007000900500408007000090470009360001010000000 741239586958146723362857194134975862287613945596428317623591478879364251415782639
018020030200700006000001007005802070800000003090407800300900000400008002080010460 718526934239784156564391287145832679872169543693457821326945718451678392987213465
170000002000100050009008170605030098040000010320010605051600900080002000700000026 174395862832167459569248173615734298948526317327819645251673984486952731793481526
069040050400562007000000004090204080280000073070305020300000000900123008020090130 769841352438562917512937864693274581285619473174385629341758296956123748827496135
002000000080070009009300710000420030500000006060035000037001900600080040000000200 372159684186274359459368712918426537523817496764935821237541968695782143841693275
000940217007800000050170008608000000070000030000000105700083040000009600246017000 863945217127836459954172368698351724571294836432768195719683542385429671246517983
010960000076100040000007006032000704700030008504000620100700000080002470000059080 418963257376125849925487136832596714761234598594871623153748962689312475247659381
000010000005607200700000006000080000003506100900040007060000010002304900090128030 624815793835697241719432856576981324243576189981243567368759412152364978497128635
010703050082050310004000700600504003500000001001060900060000080009102500000090000 916743258782659314354281796697514823538927641421368975263475189849132567175896432
