040000000807000010150090000008910600900706002001025400000050039060000507000000060
000000000000496000004807200000000000040985010608104903062000470000678000900000005
100502003000700500065004200207000098000000000950000602002600350003009000600105004
058300040103090005000001036002070003090403050300010400910700000800030509030009210
019000602000040000307060450800620000060000020000031004034050208000010000602000530
900302006050000080006000100700806003824000967000000000090050010008010300000207000
070503080000491000003000500807050402020000050004902100000000000102060308009000700
076030200005002003200005061082000000600080002000000180920500004700900800003040920
050040090300000002000106000009000500000308000700000004001090200503261809060030010
300000008000403000060070090003865200000201000400000001209050703050000020001000600
000020070000000894000805006073200600008396200006004950700508000359000000080070000
080009070300001009004508300298306100000000000006107924003804700800900003050700010
800040001001605700070000030000000000000258000560304092032090810009000500600000007
065000700000700080100346000002000940500020003036000100000253007050009000003000210
030007120100800000067200048070000600400010002003000010310004250000003006042900030
000100007700003002050004300605300000010706020000009103009600080200800006500001000
160000520070900006800000900000082340002000800048170000001000009600004080087000064
900001703070080050200370000500030800023508170009060002000045001050020090602700005
003600050000304806800000100100703020000000000040209008008000001905102000030008200
107695204030000090400702005004307500000104000000060000000906000200000003970080056
600405008500100600008200040030000059080000010290000060050006700001002005800504006
500720900008315070700000100005009000080000020000100800001000006030451200009062001
200010008000500900040002000008020040300746001070050300000300060005004000400080003
010000006047090000009000120001069000008205600000740800035000200000010930900000060
003020100100583002060109050305040801402000903000000000501708209009304700000205000
700006005036000090005004630907080000000502000000060803054600300090000510800100006
500000006046000920027104830060000050700090003000806000000532000850000012000000000
700605004064000850200000007027908640000704000000020000540107026010000070000546000
006200400005010200340008061001000003090060020800000100130600042004090300008001500
720008050001400000009500610010207000900080006000906030084009100000001400090700083
000720400800400020090000001006003840000090000027800900300000070080007009001036000
009050042000090560000007090001200300030000050006008400010600000053080000720040600
003709000900008003604000020800070000010406050000030007060000105300500006000904800
790080003500003700013007000900020010040000080080050007000800170006200004100040068
900010000405007000070084000050026007306000104700140030000650070000700401000030002
061308090070050000800004000708006030000090000040700108000500004000020080090603510
000200300081040070900710080000000908078060520209000000040087006090020830005001000
920080061080000070103906508068501930004090600000000000001462800000050000000103000
020030040000000000000408000940000038130000029200090007800010003005080100300609004
200003090050004320000900700007100850500000006063008900004009000082300070090600003
000462000040901070050000040900070006820000014005104900070000090002000100000643000
000403000005218300082607140020000090008030700610070053001000400560020038000000000
060108070001000400700030001003020600070000050000305000054060920090000040002984700
001000800020807030030090050180000049000000000007000600000486000600050007003901400
900870000006004103040010009000000030004102700080000000500060040603400200000083005
900000008021000730000030000002000600003618200000402000046000510200901004010000070
060010050003000001500009700020001070009502100050900080006200005200000800010060040
200040800100005000000230560302007906900000007706400105021074000000100002007050009
030200900000009100005040060008900001054107230300006400040010300003400000002008010
100000002070000030006701500002000600000608000009000700630020084090000010500809007
000080140400109800580240000010000650605000408048000020000012034006408007024030000
050000004093007806600000500760020000008504900000060025002000003504300670100000080
000390001000020900450100070005000090820000015010000300040001026007050000600048000
000300040603080100090041030004000001065020390100000700010790050002050807050003000
005300000634020050900000000003470080406000105090016700000000008060040932000009400
096001003005200000007380000009000078050000020680000900000032800000007600500600310
000100020150800970070002000007050093000409000980010600000900080095001042030005000
040005069900003805000020700000800090006030400050006000003090000104300007860700030
080701050060000090001506400000000000600030009000807000095000840000308000200040003
080902070000000000073000910005000100938070246420000057300107004000060000100803002
006574000030000070007000204600030008800745002500020009301000800040000010000361400
086010090700300000002600150040560200000000000008021030097006500000008002060050870
006205700105000802400000003200000007001020300000187000050796030000010000009000400
000000000806040509500609003080000050300195007000000000030802070908000106005030800
062000003930400000000260080054000006020010040100000730010072000000005078200000190
006000700005704100080010050100000006008307200030000040500208001003401600040030070
000090000400000003300508001200403007000080000005607300004030100027104930108000604
000905000005000300108000502200103004000000000600040005001000900052408170060070050
007609300940205061050000020200807003700000005010000090006000500500743006030050070
650700000079000408000003000430002800580010036006300014000900000805000640000004057
690000050002809003800047000009000702000904000306000900000210009900706800060000037
700000006000502000003010200402000708010080030080040060305000904000000000090705010
000065031200800700005000080007010006083000470600020800030000500006003008810590000
200300906050900030700060000000103048004000500180704000000030002020009050807002004
090680000200031000800000007900500080003060900060004003700000004000840009000025010
080000050300000008010040060000000000004136500008704200030080040000507000920000017
004501800010060040000080000091070420006000500500914006400000007005000600080000010
065010900403000700000000004150304000080205070000701059900000000006000207002040690
060010090019300200000007004003002040000060000050400100800500000007009450020080060
100597003700020004090040050807000905009010800000905000902104306000000000036000410
000000980800500076070008504900100000010647090000005001605800030390001005081000000
090700800300080640000900070002400007006000200900001400070005000069040001001009080
000085079000004008080309000028000700901000805004000120000801060800400000670520000
000907000008305200703000109080000070000000000690040038000060000506070301800201006
520600408039001026700000050010905007000040000600703010040000005970500840106004073
006005189057000000090064700600037000700000001000420007002140070000000430468700500
400100803000027100160800000010030204070902010205040070000009031001370000503004007
000080000605107809201000407700000001009070600408020705002304100004050300070000050
007300050002087090600000780000000074000109000870000000023000008090810200050002900
030500040509008003006070950020000004005000300900000080084010700700200508050007060
000000300809003000500020001006007040705402908040100500100090007000500803007000000
080500070100020003003800500000305204030090010409602000006003100300050009070009050
800930020906000000510240900450000080007000300030000097001085039000000804080079001
700090005008030900000601000309010704050409080000000000030000060800705002006000100
000000000003480002290070060031006048000000000460700920050010089800063400000000000
003428500510000078000000000140000056900000007020859030000604000000000000850010092
106000409000406000090000030050907010000080000004105200040273060008000900060000070
009006050860000200000200003000840000305010902000032000100008000008000047070100500
000901000060040020000203000700000008050020040028000590000050000005090300603702104
500308004000010000870000029000901000010030070050000040097105280062000410000000000
509040701400805002002000400800000007300589004001000500600701005000906000003020100
500903860018000000000000100006200000001349700000008300009000000000000670083402005
600001089200040600078000100100406000080000010000308004007000950002080003930100008
051006000000203006002070503730000010008000900020000037203080400400602000000900360
100000480290000001003001070060010008000050000700080060040900300900000042035000006
080900005300002000090300671800400100020070040001006008239001050000200003500003010
700504002000030000500267001100000008608701504020403010070000080000000000001309600
100040006200000007400208003000136000306080205000905000000307000704000302030000060
000709000408000702000020000000000000082305640700608003060204030500107008003000900
000102000001040800600000002000050000050000090397000541020030080800204005040506020
000107030000004050600008009807641500000000000002583401500800006080200000010406000
020000000005407003006080750090070030002905100070010060068090500400208300000000080
005078400700000005084009000000700086060904050820005000000400130400000009002390600
800609005190000048005000200000000000006407900030090050003000800900204006420000079
000080006103006200800000304970040000000708000000030078506000002002600405400050000
008004013000590400000008907070000005209000108100000090506700000007069000420800700
300000009002040800810000053590000068000000000000539000000607000007903200050020090
000000530100400900839002400008070040000124000010050300004700853003005006061000000
804000609003901700070060020001607800000020000900105006002309500300000004700050001
007400390001000704000060080009250003300040009700013500020070000605000900078009600
000005800106002005590000004050800109000060000307009040400000012800500903005200000
000009100020000090050700006070260300100308004002047010900005070040000060007400000
030000010007264300002000900000506000700020005800040009056000730000431000010000090
700090034604000000005004870009060000200903001000040900052800400000000103140030008
000100940120800000000040102000030020060905070010070000307020000000008057085004000
090000050600000007130000068800050002000000000005816300002000600000302000010090070
000301000006000700000000000100209003007456900020103080000090000375000469040000020
000047200470002300000106040096004005700000003800300670080405000009700014007610000
000200034854090000030700900006000007095000860700000400008006040000010728140008000
050090300029000560000000004000640200700901005006053000900000000075000810008030040
384500000200701300000060000008006010400000005070200900000030000005108002000002731
000863000500040001000000000008407200400050007070102030001020400004000500760000028
070200500005030004200004010004000005020060030800000900090800006600020300008009020
000040000050603010002809700000000000078104590013705820001000200700000005009402300
600100004002009500010500090040000301000080000908000020070006050005800700300007002
890006002030700064000030000700060050002501900050020001000040000360002090400600017
000800010000053000201000809056030000010206030000010740709000605000970000080005000
036000450007000600400010008010000080000905000600000009500060003001207500060103070
008410050560800000043000000031040000000601000000070290000000720000006018010028400
000065010500800200010300000300108490800000001076504008000006030009003002080250000
007301600280409015090000020006000900000817000000000000104605207060070030008030500
002804100090307040140000073001080500000192000300000008010000050000070000270901084
100020008700050009026000170000000000900375006002090700205080904000000000001709300
005030129040009000901860040700003000000090000000500006050024907000900060269070400
050060010201040506064000270000604000009080700040010030000901000900000008007000100
000450310000006540000001006800000700056080930003000004500200000091700000034095000
003908400000600005746000000000400080009020700020003000000000516600001000007509300
300000000150004030000900700830760200007000600002035047005007000020300065000000008
020000004001070506008004031060001000000342000000600050490100800807020300300000040
000030000046087000920600000012008907700000005409700380000005063000460710000070000
100620000090740001003000040000100008008374100200009000020000800400051060000037002
000010000000503000000274000730000026500607003006020500082000340005809100010000090
009500000050000820804900007001007904090000030408600100900001306042000090000004200
000030000600090003007804500261000934000109000000040000084305610500080009070000040
003002890060000700000100002020900003300254001900008050600009000004000020019800500
003000100560000083070060020100020007000609000036507410350000041619000758004000300
006000500020704060700806001000040000000205000003907800940301075000000000008060900
005704000410002000003000140860900400000205000002001037074000200000400063000806700
000780650000250001000004000030000260709000408082000010000600000300041000091038000
400807009050090030790040081040000070100030008000605000810000025007000800003010400
009600200004009000500010040080000900120030074006000020090080003000300700008005100
023000060080370020406080000001900706000000000605007400000090201090064050050000680
600089400000004080008300009056900000200000003000003260900008500010200000004610008
000000000508000701041000820080020040007000900100706002010050060076030450000409000
000080069000004700040003002050010003096000850300060090200100040001400000970050000
930000026005614900000030000050902060400000005000307000080000010020106040700000003
800073900070060800060108020000005000290000047000400000020709080008040070004830006
700263005006080700500000009020579060000000000905000801007040100001306200000050000
000030000270000064004000700000503000060000080900801002120070035006010400700020008
000090100000740620080000043950004710000000000047600098420000050078056000005020000
009030000500902000802100700700000052008000900490000006004005208000607004000040100
010000020009000600000504000002703400006000100390010082800106009200957001001000200
500009203000000004030180070000073090004020500060510000040051020800000000701200009
070650400000079003108004900094000001680000039500000640009500207800940000005083090
602040903800000007000000000007090800960000071005070300050704010009605400020908030
060500000008060904030071060006203007047000250800907600070890020602030800000006090
000003002054082031020000460007300006000408000600007300085000090270910580100800000
000420860280790050300005000006000085950000012870000600000500001030071098019048000
076000920090000040000000000001000200025000870600010005002040600100902004800361002
203006590010508000000370000000000205024000780507000000000032000000805060082600901
050060010009572800000010000000000000046050720070406030080905070001040500035000460
002040600405026010036000200600003000080207060000500007001000940060930501004050700
005309200900060005000801000100508004008000100040000020460000089000000000032604570
700400005001020000002006790007509003050010040100203900015300400000050300900004008
000000000510603027006451900100030004040902060900000005407000509000805000000040000
097010530800000004041000870000060000010532080005104700003000900080206010000050000
095800000700010000431079020014000000600901004000000710020790438000020007000008160
000600080300920100042080300000000068061070420470000000008050610004019005010006000
002050800090201050005000600064090130200000006080607040910000023000060000000104000
180040036900000008000358000000201000708030605006070300530020049060000050004000100
603010000000083100000600074100000409020000080905000006270009000009530000000020901
070400300000000705549007600006705002000010000400902800003500289205000000004001070
057000800003008005900007012048206000000000000000304180370900008400800500006000490
008000276000000100076009004002830009053000820800072600300200980009000000485000300
070000000008340000003065200600034070005090800010520003007980600000051300000000080
000000000060175030850090016003806100100020009000000000600907004079030650040000070
001020400070000060400000007200305004030000090000687000000906000709502601010000050
002087004600000370000100500050000209700090003103000040001008000079000002800720600
740009000800041000300602000070000003009718500600000090000207008000160007000900026
500610800000800029000004000680000017009000500230000084000200000720008000001035002
059007208010209000000005000005000032000901000940000600000500000000402090603100740
500300006000062900060508000036000408020000030904000720000405070002980000300001002
004000800010305090020809060000000000000628000200904005509102308000000000007506200
030020050102000308500000004009000400200468001000030000600000005043050210000701000
070500006000610700000000450080065070600000003010270040043000000008032000200004080
000020000170000023004000600430000098805000201600509007000000000900471002000693000
940002000000006307000450000700010290002000700093020001000085000107200000000700054
000200000005000600120030007900006703058010960207300008600080041004000300000007000
600030708050100040902600100000000970100000003098000000001004209070002060205060007
400000001005003400036001270028090000000608000000020910084900130001800500200000004
000176000000040000400050008720000034005204600004030500800000003040000010050813060
021003009000500000007006402006400010010030060070008500702300600000009000300800920
005000300800405007000136000020050090590000068600709002000507000000040000004361800
090040020500000008000275000900000006080000050600751009001000800060000070400903005
700000903004560000002300000006040005410000068200050700000001800000035400301000002
000090700080300205100008000005800047000060000930001600000900002503006070004050000
000200560500008701007005024041060000009000100000090480970300600105700003034006000
103000072000205910090700000006100000400030008000008300000001080019406000260000105
000008003300590200600000050005032806430060095806950300060000007007045001500700000
020030050000000000036804710000080000900706003060501080004010900000952000008000200
050030000080004039004009200039000000200050008000000470003600100570200090000040050
907000300004700080010024009008200000160000098000008700700540020040007600006000807
080000060006070900402060807000932000500000006001000400000040000203000501600305008
140006000009000700005042030050000021307000609920000070080670200004000800000300057
204900600000000040069050002500400007030090020400001008900060270040000000008003501
000004000900205040040007560053000090700000001090000630015400070070801009000600000
000704000000050000700020001259000614100000003080010020010070050400000002005908100
150300007709020008040000000006850000005000700000046900000000090500060104900001075
000501004004900500050000090040105008007000200200403010090000060006009700700204000
000360000004008000009005460046030007700689004800040610065200100000400900000013000
000070000730020086000109000350208074000504000800090005100000007208000609503000801
030086000029300065000500030700000450900000008061000007040005000590008320000630070
590001002006000005002008630807060000000307000000050704015400900200000500400200016
080764010000000000040502060006809500078000690000010000700090002490000038000020000
680007030000009000001640020530000600008070300002000091020054800000900000070100065
700060091060015004000200600031008000400000009000100320003006000200530040850090003
008090560290506030100400009010000740800000005024000080900003007070905028051020300
000507030000201058900080000006000007180000024400000500000060001870109000020403000
020010080000006007040879050400008000018000430000100005080645090100200000060080020
070400020304000600500900040200000160640809035053000002030004006002000307060007010
100002079905100000006000510300601040000020000080705003062000800000006907890200005
090060500070310089800005000007000020150090048040000700000200001630089050009050030
900100700030050201000006000040067120000030000076920040000600000403070060009005003
080020010000405000600000007760000043000070000018000970000182000021050790004709200
200700300000005001040001070060510000170000083000073060050900040400200000006007005
010005400007000000806003509030100002400000003700006090609700304000000900008600020
000000630600005802008007019090000300006030700004000060170800400405200006069000000
720040085004000300601000902005020700140000069060000050006935400000264000000801000
000709000090681070000020000608010504009000100040000060460000052580000096002405700
000018020203009050000000004009057000760020083000130900800000000040500308010680000
904000000030050016120307000009700008060030090500004100000903081890070030000000902
070006502080109076000050000100000080004060100030000009000090000360805090708600050
003965800400307009000000000306000702005020400000106000204000503600402007000070000
600007001020000050001860200100080400009403800002050003003078500060000010500100002
600020305000406000002030009003092001200000007100340200500060800000809000706010004
000750000000000017060009080602004090005080400040200106070800060820000000000013000
008070600609000704200609001070060090080402070401000502000735000000000000000106000
000049080002000000075800000000700096064000710950001000000008130000000600010620000
138509624009602800000000000600050002204807503000060000502040307003000400000000000
070000020080000050901000406000801000004030600100040002006000200000705000200904001
000000030800600200050001004000000963600314002327000000200900080009002001030000000
800009000000050820040002091006020130000000000029040600250900060074060000000100004
007006400056900080000500090085000000401030509000000310060007000010009620003800900
008090400100020008000705000700060004000509000001403200080000040407000603300602007
000010800009006500480003020046709000300000007000204960060100098005600100004020000
005800670000096004000730800300000401000000000802000006003019000200350000069008500
000475000050000030600030001006901200100000005000080000002000300010304020084060950
400001607002540008000009450006000000100403009000000300031800000700035800504100003
001208005700905060000060000000080230002000900089070000000040000020501004800706100
097000460105000307000806000000408000004365900000090000001000700020000030738000219
002307600070592030003000500700080003000105000005030400060803070301000905000000000
060807090000605000094000570000000000078000230600408009000000000105000802006010300
309002000046000908000000030060050300900248006002070010090000000803000260000700801
308000105400000007002305900500030002801000409000904000005000200700020008020801050
850020030060804057900600000000000004070592010100000000000008005540203060010070083
000080010840001630060700000050409700700000009003807060000003090036100074020040000
008049005000702000025100006080090200004000600006070090100008960000907000800210700
000439000200000004600080001017020590000000000004903100000192000502000609070000020
000090000002601400890304021050040080001903200003000700300000006020000040060509030
975000001020907008100500000700000080008020700060000004000004007200605090400000816
080070050000060000029000180000309000100000009004000300050401070000000000041030260
800000002050900004001043000020070600100020005004030020000610300900002070400000001
000801500095006080300020060270000008003000400400000075040050009020300750001609000
010008003000070100030160090800000510054000760096000002040016020008020000900800040
000070080600400009300208050070120900100000005006037020060801002800002007090060000
006104300024080970000000000400302009038010450070000030005000600090020010000030000
800000006070000030400315002960000025000689000003000600300050001040000060600843009
970020086003090400000601000008000300040000010102050908400865002300902007000000000
800020006000090000062010590028000630000000000090256080000407000903000402010000050
094003600000800700000040020010400006005000300400001080040030000003009000008500260
000234500306090001000007040893015060000000000010680937060800000400050708008421000
900780002012300070000002090007000028200040003890000100080400000050003780100078006
000495000005126800000000000800502007000000000040060090307000208014000370002703100
060090020007050600000406000206080304085000760070000090059000240000345000000010000
420003005500100098008050070000090060090304080040010000060030700370005001100700036
189000006002300005000070041000504080005090700090706000720040000900007600300000417
091040002800000900300009710020750003000204000100036020037100004006000008500070260
000306000000704000870090043090508030000000000300060008750000026001000800600801007
500000007040000090007209100700000002900000008010607040030000070000568000008403600
000063000700450000620000030301020060090000020050080703010000048000078005000340000
008020300000306000050000040621030985000215000000908000000000000072000850905801402
000002005006000270058030400700006000400178002000300009004090620079000800100800000
006070800500000002021000750000000000104020908780090064840000035000853000000607000
530070084000050000081000690000528000009000500054000720090000040100604003000010000
000400030020009800805020000080060100701203609003090070000030704008600050010002000
000000000000701000004503100060000030073040620210030078080010090000209000920000067
090000000007920400400071000049007580500030004081400730000590008004062300000000070
000000000015403760000569000002000800030618070100020003800000004000102000027030150
000902000001040200000000000800000001400050007060704090008615300600030002700000005
800135006000602000004000100008000600200306001000208000300000007480000025960000014
004100070600004000002600305090403801000000000805906030503001700000300006080002900
030045000000300005006780200200000860609000403083000009007098500400003000000520090
800400000003050000470000090205700001046501380100002504010000038000030700000004006
000008070460009005000500900000240007102000604500016000009002000300700086050600000
300001406000000002047000590080300020600010005050006010026000950900000000705800001
000000006001309000030050400780020300560080012002030087006070040000608500900000000
000600000027085016010097300800000054000000000360000002009870060640510290000009000
003009070500008100082001605974060000000807000000090746807500460006700001040900300
000008030890010704002000001000007046304000807970600000500000200406070015020500000
470000000001009200060005070200003150009020800045800002020300080004600900000000021
309000007020000500800004690000008005050060040100200000067800009008000050500000108
000839000600000003000504000050010080920306041000407000240000095003000100700000006
000090540008005900000700300905040006010903020300050704001009000009400200043020000
500804003010705040400010008300020001160050074000000000040906010050000080900070006
020010006006005030005860200207000080003080100040000305009042800080300600700090020
600571009000000000007030200002703100914802637000000000706020305030107080000080000
900620008000035000027400030180000060002318900040000082090002850000890000800053004
200710000700083900840000700004000085000050000980000300001000079008930001000047003
030000010007020004000073020005230091000000000240069500070350000900040700080000060
600900030000800100000003824000031002008000900700690000463700000005006000010002005
600720010000000908008001000004005070900070003010400500000100700109000000020067001
002007000000300400014009708908070050000905000050030604306500270007002000000700900
000006080600802005000001094300060050016000870050020009930200000100409008040600000
000802007040003000000000850509000000308567901000000205064000000000900030200605000
500910730740003000003060000009000003030201090600000100000040300000100054014075008
608020057400000000002500306000030800800905001004010000306007200000000003740080509
005007840300040000400500007600105700050000010007204003500002001000070009096400200
000600920200400000078090604004260700000000000001049800509070210000006008082001000
000000600008106030500004019060070001900000002400060080630400008040602100009000000
500007003003402000001050490950000080008000600030000049064020700000804500800700004
300000009005010400000050000002861500500402001070030060060040030001000800203000605
506700000027060004040302006000004300090080060003600000800905070300010980000007401
000030000050701060310000027500000001203608709000070000020000030008409600005080900
001900000000061500065700409050000804030000070709000030906005740008170000000008200
000009000070281950069000800730108090090070010080305072008000560017846030000500000
400060001000000000005271600600804009074020810000050000080000050000149000049000120
000000600030705240780040000050801090001000800070409030000080051017306080003000000
700039000080000690900801007070000854000000000846000030100604005057000020000520001
080100000043070000507000003004501060000030000050809100600000205000010670000008040
000700500002048000100020060090105003068030150300802090040010005000380900009007000
300000002020306010000050000009060200800000004060241090005000400600908001700405006
030000010702090308001040200040518060000409000005000400408030902050207030000000000
028100000060000032001000408000543006000907000700628000203000700510000020000001590
000000048010030950002009670000073000500601007000580000023700800057040010140000000
020001370100070004300005000208010000050706090000040207000200005500030009012900030
600703009000056000003900700230000901070040030501000072002007600000460000900802007
107000309005000200030020040050694030000502000002000600000856000603070501000000000
000000000107000403006437100400000007069000580070090060600103008000905000005040200
030090800500002000097004010020000609060080040304000020070900460000700003006030080
000890070700006000009210600070000205502030104106000080007085400000600009020079000
031040000000300800200159004040030005000000000300090060700428001009003000000070530
000243005006001409000000003000000710150702094067000000300000000704100900600584000
080970000013048072000000060030105008120000045800204010050000000760850490000036050
807409001010000090000200008700104309000060000102907005400001000050000080600503902
010030000040006005903004000084000000069050240000000190000800609300900070000040010
005004000080600900430000700750020306000000000208070051001000024002008060000200800
000070003300009000007306000008010730043090250015030600000704800000100002600050000
900807003000090000600000004004000500080409010069050840000706000006201400107000602
400023000200800000039000060103750040700000005040018302070000610000001007000240003
910000000000700401008051000030970006200030004600018090000520300506007000000000045
009000100300000008050318060400000007000701000000682000078529410040000050005070800
020000090003109800809000501000607000000020000750090016086304170040000080000918000
000087900720000048010040000000804300300000004002601000000090020150000083004360000
006050900003601200500307006030000010610040053000108000000060000900010004002903500
000000200070060840080970000400008010015402790030700005000057060091020070006000000
900000030005062000800400100030047020200050008090210050002004003000920700080000006
000000000050801090008739100005080200000090000800167003040000030009213800083000610
000005000008907340100380000030700008705000104800009030000028006029603400000500000
058712640000906000000000000000000000803090204600328001080000020096104730007060400
004906300080000020001000400600507004130000097047090650400609002070203010000070000
970000061000807000400090002000906000080020040501000206140070093000000000860050017
060700020021600500007020003000032006010000080600850000100040200004009760090001050
093000400001020000046000019050300240800040003034006050460000320000060800005000690
000500000310070000000013027005040800400701009009030700680120000000050064000006000
009007000030060070006300904100050600080206030002090001907005800020030040000800100
072040890100000005000706000008000100700905008003802900001000500806000704090000010
000001430100000000470030000230400600680952043004003092000080074000000006021600000
070060002000400079000080650092006500000503000005900720034010000680007000200090030
000017500040083060800900000510000200230070096004000058000008007070650010006720000
150307042004010300000000000000649000701000206003000500408901705020804010000030000
000102000320407061701000504030904050000000000100206003240060035006000700800020006
020030010000000000309002706400095070067000350050360004703600208000000000080070090
000800700009600005002305018090008002000000000300100050740903100500004800003006000
054069000030010069000300004800000600490050031005000008500001000670030040000940170
000005047007800005300070900810300700020090030003008096008010009700002600190400000
906020104520000068000070000000050000180000045000106000050000090004000200800593006
006407800050103020400000007000040000605000401004509700079000130240050078000000000
000603000000904000009070200300040002080701050005000800050000070840000029107090503
900008013380074050000000000710090000030607090000050037000000000050830061640700008
060300700309087000000000003400030902001902800802040001700000000000460105004005030
000280309000007002003000084002800065000090000450003200860000900700300000305018000
000040000309000705080000060260070083050000020000206000000000000004512600002369100
040500006508000000200809070480900000002703500000008091030604002000000603900005010
001020080560408030000007005023000090400000006080000470200100000030205041010060800
000001300030000040208063700601907000003000400000608905009320106060000030004700000
001207800008000900400000007060000050300105002050060010000719000000050000200306009
000000062008406000030200500850003007900000001100700098004009020000801700780000000
015300079700050080000007000009000006002638900600000500000500000060070003470003150
400100005000025070007000860739008000000000000000200487028000900070310000100009003
500400009709300000040090051002500018000010000160002400950070040000009806600003007
000304000006000900100000005010000070050906020802000306000060000900572001500409007
000734000001500409050000308510000003074010580600000047106000030702006800000372000
000800700200003958000002100075200000600050001000008560002300000917400002006007000
040200906002095000000300200026100009000000000100006430009004000000650800603002010
000000000003080100000702000020050040008203900079000530030549080080000050950108067
040000800000005000012090070900500302053207940201004008020070680000800000006000010
000080000012407850006000700008905600000040000005801200060102030007000900200000006
790000032080070090000040000060904070000080000300000009000203000900000001201508603
200001039006000000300752000004500000780020014000008900000486005000000300470100008
000080000900506001170000083206040508500000006090050010020000030000401000080090060
000302900001980630000000071400006090006803400090400003670000000084079300002508000
460090007000002080107000090200930600000020000009064001050000708010500000800040013
009000100100000008060000050080495010000060000026080790003709400005040300000803000
600900030000031070000006905080400027004050800760008050301600000040790000050002003
000621000050000010810307062000090000100000008007834500720000046300010007000206000
000001080300500400012900700200407160000000000097603005001009570008005006040200000
207006931500700400380000005700201040000080000020407006600000024008002007412600309
072010360064000910800000007003907500020156090000000000009582100000070000000603000
000098060800000001500071093000900200120000078006007000250830007300000009090720000
070080060109050407000107000000806000002000900500020003020000030908000701000431000
052814790001000200000030000005207900080090040000308000098000360000000000416000872
030402001250006004000030080060009000009315600000600090040050000300900057800203010
704020605200000008009000400020000010005040900006108500000080000060209040800304007
400000006000708000200000005000602000900000001080104070067080530003000900090070040
003004570100070000700306004804000700070000020002000405900508003000010007051400800
090807050060050070570000028600501002230060045000000000083040590000080000000709000
804903050000002009000050300500300004002080900300009001007010000100600000060208103
001050087006009020000030000500013790090020040047690003000080000010500400870060100
040020090600000007080000060020908050000060000760050038010000070006409500079305620
200000007010902060004010200003050100005108900000040000030000080602080504000020000
009748500071000280000000000000109000000080000630050018060000050050802070800060002
006040150000057000700009280509000061000000000630000802062300008000420000013060700
000050900002380000300006050006205010170090026080103700030500002000031400007020000
803200701004700000700003086007030062000108000340070500930800004000005600405006807
080060000006100009001204680007801340800000001025903800058402700700008200000010060
000000730002045009090600000030000081007000900160000070000001040600380200051000000
071080000400106000800002900000003070560407029090200000004700006000801003000030140
008205300400060007000030000060513090080000030007000200000050000840000079021708560
004508300010000080000462000070050010060000020100307005000000000301090506002030900
800002010500000908360008000000045006603201407400760000000300021107000004030600009
700403008010728030023000740005000300000907000080000090060000020004090600200060003
000908004000040060000700201048000100302000507006000420103006000050090000400805000
000000000004070900700604005006000800020090050900306002010807030070010020600030007
000030000000705000056020740070040060004060900600000003100000004027693580500000007
130050074400000009006418300001000400040000090000634000060102050500873001003000200
010803060090010030800000001105906307060000080402000106030080070900207003000401000
030007506004008000010005070000810030100000004090034000070400080000200600809700040
300247009060008050000090000980000006704000205600000018000080000030900080800352004
000105000200000004019000280050000060000070000680000023003562400000734000070090050
940082600070600503600000000006200000050040020000006900000000004301004060007860015
738000600000000030005203000081706000042000970000504180000901700060000000003000215
003000600400000007050209010800010003000020000120000064040000080000598000500403006
009408500005301200400000009000030000080000070700060002030040020100000005902000601
000000041008500700139007000200060570000070000075010004000200193003009400960000000
100090020700380000080400000670000008004000200200000017000009060000064003090020001
062000340005060700080090020000201000600345002700000003200000006010050090050000030
640080027002701900300040005070010090020000030003000500200609004000000000064000210
000607000010000040300040007092000650008914700000020000053000270070030010000792000
006090800080203010900070003000951000000000000103000506800000004500010007070502060
068001050200038004000607008136000400080000060004000835800409000400560003050800240
081000000090070103600800000006300001500040008300008700000002007205090060000000210
010608020000000000008050300000529000000080000025000740002030800800405007060000030
004003000109060200860002090600030900010000040008040007070600029001090405000500700
000785000702406509050000040090601030205000401103000906500090003000000000024000690
000005940000000376090100000004608003309201504800304700000009020927000000058400000
700010008000000000200695004380000046000000000620080091000807000006000900104209805
310005008002090000070100063020000016003000500190000040730004080000080700800700091
009050040860240130010006002003000010790010064040000300900700050056024073070060400
706800009930020000000700008004970500070010060002064900400007000000080041600005803
006300050304075006050060000632000009000000000400000581000040020800920603070003800
000003000073050690490010005608001900010000030004700508800090053049030860000800000
000704000100000005067000340012409780004000600090000010000203000000080000308010409
600040005940000017000307000190000048002000900800000003070859030000406000008000700
006490020420800010000007003003000085800070001540000200100600000050008094030049100
500004903007300000400006070902030040000207000030040201070400008000001500205900006
004000001000006940000040063030014000020605030000270010210090000056700000800000400
000090406301040087040500000100080040008000900050030002000001020460050108209070000
800070002079200080000089050002000030403000105090000400040310000020008690600020003
000009050807060004000800609010375040000000000020194030702003000100080502080200000
094070600200600050000009010070000000081050370000000090060400000020005007005010840
000060000200407009000103000080070050061050940500000003030000090650000024029000580
600805002048702650000000000300204001009080700000000000700608004002401300800030006
000000580060027900000904603000200004010308060700006000102709000004610090079000000
000002030040750080007036000010080005006000200800020090000560400090043050030100000
060041000070005096200000400057200000300000002000003950008000009610500070000860040
080701000700006000350020007001300006003080400600004500900070062000200005000809070
010000030400100009008094500003050020007842100020030900002310700300009002070000050
950208037002000800100403005060107050090040070010305040005000700070000060000080000
000954000000207000290601075100070009000305000706000308030000010012000890600000004
060340010908007006000006070051602008800000003600403520090500000500900204080064050
