050703060007000800000816000000030000005000100730040086906000204840572093000409000 158723469367954821294816375619238547485697132732145986976381254841572693523469718
302401809001000300000000000040708010780502036000090000200609003900000008800070005 372451869691827354458936271543768912789512436126394587215689743937145628864273195
000823001003000400070000052300960010000102000010038006830000040002000900600789000 594823671263517489178694352327965814486172593915438726839256147752341968641789235
500700032100326000000000000020070058010803040890040070000000000000654001230009005 569718432148326597372495816423971658715863249896542173651237984987654321234189765
760000053020080040005000900000000000040010070603000104100304009000000000006827300 764192853329785641815436927271649538948513276653278194182354769537961482496827315
140000050700200000000300204200080400080090020006050001809001000000006007050000069 142768953735249618698315274213687495584193726976452831869571342421936587357824169
002009000015008760040000051620407000000010000000206074170000090098500610000700800 762159438915348762843672951621437589487915326539286174174863295398524617256791843
060010030830605029000000000006030900092000570000409000285000716000000000470000095 567912438834675129921843657146537982392186574758429361285394716619758243473261895
600002305000970016021000009070643000000000000000891040200000530310064000904700001 698412375453978216721356489172643958849527163536891742267189534315264897984735621
007020850200516000400000006070648090930102068060953020700000005000495002029060100 617324859298516347453789216172648593935172468864953721746231985381495672529867134
003700040200954800094103702039000486060000020452000390607408950005297004040005200 813726549276954831594183762139572486768349125452861397627418953385297614941635278
014600380980201074200000009050108093000050000890302010300000005570403061068009230 714695382985231674236784159652178493143956728897342516321867945579423861468519237
400029006000700000002014900708901020903050807020806109001690500000003000300180002 487529316139768254652314978768931425913452867524876139241697583875243691396185742
008004003050097040400501002300000000047000260000000007500709004090350020700200800 918624573253897146476531982365172498147983265829465317582719634694358721731246859
000050000700000001005904800204030107003491500000705000001000700500306008320000069 986152374742863951135974826254638197673491582819725643461289735597346218328517469
000803000060000020005000100006459800002000700050302010830000075000106000040000080 214863597763591428985247163176459832392618754458372916831924675527186349649735281
060500400803004070005100000100060009000000000400020007000007600070600105009001080 962578431813294576745136928127463859538719264496825317281957643374682195659341782
236000591010050070008000400849000237000000000000428000097000140000306000580070026 236847591914652378758913462849561237162739854375428619697285143421396785583174926
640008703050420018708600400800000160090030070071000009005001906480096030109300087 642918753953427618718653492834279165296135874571864329325781946487596231169342587
020805090040090010000060000300000004008000500002901800001403200703050908000000000 627815493845397612139264785396528174418736529572941836951483267763152948284679351
500004003000071600031600400480020300010807040006050081004002730002730000300500009 567294813849371652231685497485129376913867245726453981654912738192738564378546129
000041020709502000000360090320000850904000201081000049030094000000708105070150000 863941527749582613512367498327419856954836271681275349135694782496728135278153964
000002000004010053080693000400030000970000085000080007000175040710040900000900000 137452869694817253582693714458731692973264185261589437829175346715346928346928571
600000009040000030007001000003029060901000402080560300000600100030000040500000003 628437519145986237397251684453129768961378452782564391874693125239715846516842973
410905062380072019000004000168000007050040030700000285000700000840260073570408021 417985362385672419296314758168523947952847136734196285623751894841269573579438621
000005980840000050700060000200408000009000800000102006000040008010000095063700000 631275984842913657795864213276458139159637842384192576927541368418326795563789421
403000059700400600016900708000807320000020000052304000108006930004003001360000407 483671259729458613516932748941867325637125894852394176178546932294783561365219487
020010840709200001604000290000030020800102004090040000037000602100005903062070050 325917846789264531614853297476538129853192764291746385537489612148625973962371458
000004000100760040000000239023000400000658000009000570934000000070039006000800000 385294617192763845746185239523971468417658923869342571934516782278439156651827394
050000080009000300020803010070302060300901002001000500100040006006000700000586000 653714289819625347427893615974352861385961472261478593138247956546139728792586134
207600400940000000008400900600070004000090000500080007004002700000000053001007608 237619485945728136168435972682173594473596821519284367854362719796841253321957648
010000206609080000000304000003001000407000801000800700000603000000070602204000050 318597246649182573572364198823741965497256831156839724785623419931475682264918357
200000009010060030068503410080607090005000100901000703000205000500000004000000000 253741689419862537768593412384617295675329148921458763846235971597186324132974856
700000520086000000009780010400070200600304009002060007070035100000000930058000004 743196528186452793529783416435978261617324859892561347974635182261847935358219674
020060400000400010000008500009087003100090007400530200005100000010006000003070080 521769438386452719794318562659287143132694857478531296865123974917846325243975681
010000060806000504030405090008010700000509000004020900080104070309000205070000030 415298367896371524237465891958613742723549186164827953582134679349786215671952438
000385200020406010700001000892000037600030002570000469000500001030107020005293000 916385274328476915754921683892654137641739852573812469267548391439167528185293746
000400090912086040003010520030000005058000710100000080021050900080740132070003000 567432891912586347843917526734891265258364719196275483321658974685749132479123658
205760081600000500093500604000406708100000009407301000902005840008000007760038905 245769381671843592893512674329456718156287439487391256912675843538924167764138925
008000070570200940030089005002000090001070500050000100600430080027008013080000200 298645371576213948134789625762351894841976532359824167615432789927568413483197256
090000030080000040040581060430000025260309078000010000370000012000000000005402900 592647831186923547743581269439768125261359478857214396374895612928136754615472983
010040020003859600048000570000000000090060080825000761100706009000010000007000100 516347928273859614948621573361278495794165382825493761152736849689514237437982156
304070586900618000800300009050000810170080095089000070200001007000523001541090208 314279586925618743867354129652937814173482695489165372236841957798523461541796238
720900080008000209005100000200001400809000507001800006000005100602000900090006043 723954681148367259965128734276531498839642517451879326384795162612483975597216843
000204000008109700009060800030010070070508010406070205004000500050030040000020000 567284391348159726129367854835612479972548613416973285684791532251836947793425168
005300200000520100210800009000000821060010050421000000800007034006058000009003700 975341268684529173213876549597634821368912457421785396852197634736458912149263785
003402810204000000100080043700508004005000700800601002420090005000000106057103400 593462817284317659176985243712538964365249781849671532421896375938754126657123498
000203000000000000152000386028706490007000500000080000000010000310408059040090030 784263915963851247152974386528736491637149528491582673279315864316428759845697132
001028000006005000002070469210000000805000604000000021728090100000400900000160700 941628537376945218582371469214736895835219674697854321728593146163487952459162783
000890000020400390045000100000309041300000002810502000009000670076003080000086000 631895427728461395945237168562379841394618752817542936289154673176923584453786219
570002000004001050003000670000200903007030800309008000092000700080500400000400069 578362194624791358913854672851276943247935816369148527492613785786529431135487269
000080000506000403020301050000000000000103000490000087300709006078602130000508000 139485672586927413724361958263874591857193264491256387345719826978642135612538749
020075300003006502590000060760103000900040005000509037070000051209300700004810090 826475319143986572597231864765123948931748625482569137378692451219354786654817293
900806005003000100080090020009000500000937000000108000800241006402000307000060000 924816735653472189781395624319624578548937261276158493837241956462589317195763842
068000002001950000000000970090006000530000048000300050056000000000021700200000360 968734512371952486425168973194586237537219648682347159756493821843621795219875364
146708003039000006700000000008900704000803000402007500000000001800000460600504297 146728953239415876785639142368952714571843629492167538954276381827391465613584297
100000208003802000500760090020307160007010400091604080010073006000406800206000007 164539278973842651582761394428357169657918423391624785819273546735496812246185937
790600000042010000106000000000007049020000010670800000000000108000040630000008097 795634281842715963136982574513267849928453716674891352459376128287149635361528497
800207006020040070050000010000802000900000003002000100630090085000301000070000060 894217536123645879756983412517832694948156723362479158631794285285361947479528361
070600200604900000903000681000000106031000850205000000317000508000004903006003010 178635294624918375953742681849357126731426859265891437317269548582174963496583712
008000570409070000203000846000289000080704050000563000945000108000040305026000700 168432579459678231273195846534289617682714953791563482945327168817946325326851794
407530901000207600950040007090000052702000409540000060800020076009801000104065208 427536981318297645956148327693714852782653419541982763835429176269871534174365298
903100074104070000007940135000000701061080590702000000379014600000030907510007308 953126874184573269627948135835469721461782593792351486379814652248635917516297348
070008026560009080000100045900006030000905000080400009240001000090700051810200060 179548326564329187328167945951876432432915678786432519247651893693784251815293764
070060800008004009209001460083000000400000001000000750057200103600300200002050090 574963812168724539239581467783415926425679381916832754857296143691348275342157698
108000703000205000007000900400000001000508000009040200280000045010304090003000600 128496753394275168567183924472639581631528479859741236286917345715364892943852617
800000040042800006390420000000040009420090053600080000000014027900007630030000004 875639241142875396396421785783542169421796853659183472568314927914257638237968514
005802600200050003070000040010305060680701059000000000007020300500010004000903000 345872691261459873879136542712395468683741259954268137197524386538617924426983715
700020008800501006000000000081406370000902000040080050297000845050000060300705009 735624198829571436416839527981456372573912684642387951297163845154298763368745219
070000580900084307350720000010607200034010670007205030000052041503170006082000050 471963582926584317358721469815637294234819675697245138769352841543178926182496753
000500900000000700400173080060004100037050640002900050070261005003000000005007000 721548963358629714496173582569734128137852649842916357974261835683495271215387496
849000057760000028000009003002106000000030000000807400100400000690000014420000786 849623157763514928251789643382146579574932861916857432137468295698275314425391786
000280300059047680840500090020000807930050046406000010090003065063410920001062000 617289354359147682842536791125694837938751246476328519294873165763415928581962473
203100000506300001000700029000570200100604003002039000350007000600003102000006805 293148657576392481814765329439571268185624793762839514351287946648953172927416835
002080000030900040090000003820500000140000092000008014700000030010004070000070900 672483159531962748498715623829541367145637892367298514786129435913854276254376981
900000004000000000000174000000702000008060900530000086340000052007625300000309000 981236574724958163653174298196782435478563921532491786349817652817625349265349817
300200578400039000100005000053020007040508060900040820000600001000450006671002004 369214578485739612127865439853126947742598163916347825594673281238451796671982354
400650801080010040607400300000145903250307064301296000003004206020060030104032007 432659871985713642617428395876145923259387164341296758593874216728561439164932587
000092000090147350047000100760405030430070065080306049006000910074938020000560000 315892674698147352247653198769485231431279865582316749856724913174938526923561487
000000000070000835802070901094001000060807090000500310503020607618000050000000000 951386724476912835832475961394261578165837492287594316543129687618743259729658143
000000060301596000006130980090607510065040730047301090012063800000215309030000000 459728163381596472726134985293687514165942738847351296912463857678215349534879621
105000620000800700030100000000080170600090002091030000000009080004008000067000203 185973624249856731736142958352684179678591342491237865513729486924368517867415293
200819034190650080000000000800030095520901073730080001000000000040097068910346007 276819534193654782485273916861732495524961873739485621657128349342597168918346257
000249050200000700043570800500307401701060309604908005007054120002000006050182000 178249653265831794943576812589327461721465389634918275397654128812793546456182937
600000004009000200801000705700040003050803090308902406000000000020705040900020008 632157984579438261841296735796541823254863197318972456485619372123785649967324518
100002006092006180080000020430010000000908000000020095060000040028400760500800003 143782956792536184685194327439615872257948631816327495961273548328451769574869213
000305000601040307400000009008000500030000020000206000000901000080030070200050001 872395164691842357453167289928473516736519428514286793367921845185634972249758631
300000000000005940069001058080030000203408506000020070130700460052600000000000001 345987612821365947769241358687539124213478596594126873138792465452613789976854231
005007000000009023800002006057003060000000000030100270100700008970300000000800300 325617489716489523894532716257943861481276935639158274143725698978364152562891347
100407002200000006070000010540000021306102504001070900000301000000050000010609080 189467352234815796675293418547936821396182574821574963958321647462758139713649285
600000005570000083000807000006409800040000010000060000030020070005080400800534006 682193745571642983493857261356419827248375619719268354134926578965781432827534196
100090685600018700870006000096851000780409061000763940000600072007180009321070006 134297685652318794879546213496851327783429561215763948948635172567182439321974856
000000000005483100040000080500804003960000041080030050001609400420301095009000700 816795324295483176347162589572814963963257841184936257751629438428371695639548712
020000000910006503000302007805021030490708051030540806200103000503200019000000060 327415698914876523658392147875621934496738251132549876249163785563287419781954362
600300018140078020000091000094060005016802490800050160000580000050720036730006009 627345918149678523385291674294167385516832497873954162962583741451729836738416259
006000000031006850098130462080307100004010700002409080453091270029700310000000600 546872931231946857798135462985327146364518729172469583453691278629784315817253694
090010800000806002500900000050040670100309008068050010000004001700503000003080090 297415863431876952586932147352148679174369528968257314825694731719523486643781295
002000905000108030001042000000000069700080004940000000000710200060903000504000300 482367915675198432391542678128435769753689124946271583839714256267953841514826397
001020003500000600090051027000900386000000000968005000810230070009000001600040800 781624593542793618396851427154972386273468159968315742815236974439587261627149835
006005042702004000040806003000000500054000890007000000600308050000600708920700400 386175942712934685549826173293487561154263897867519324671348259435692718928751436
376010502001070008500003079009060000760124095000090600150200006200050400607080253 376819542941572368582643179819365724763124895425798631154237986238956417697481253
060400000020185063005360100090020481016903270247050090002016800170538040000004010 361472958924185763785369124593627481816943275247851396452716839179538642638294517
000008050680075010002130700850000900047000620001000078005062100060710032010400000 174698253683275419592134786856327941347981625921546378735862194468719532219453867
037000490020000080000936000000314000500208009002090600008000900200000005900645001 137852496629471583845936172796314258514268739382597614458123967261789345973645821
001083000063000490040600012600104200900000007004502009430008050085000920000740600 291483576563217498847659312678194235952836147314572869436928751785361924129745683
850201074000000000610000093200070009300000001000634000100080007004000800030060020 853291674479356218612847593245178369367925481981634752126583947594712836738469125
000006900060780030203090500300109070052000690090507004007050208030072040009800000 584236917961785432273491586346129875752348691198567324417953268835672149629814753
009010700020564030080309060000632000070000080006000500460000097002000800100040005 639218754721564938584379162815632479973451286246987513468125397352796841197843625
600800031298400060000006040003908026000050000980604300020100000060007594840009003 674825931298431765135796842453978126716352489982614357529143678361287594847569213
000637000090804020800000004040000030060902010005000700000206000600010008901000302 524637891197854623836129574749581236368972415215463789483296157672315948951748362
170642058350000061860105027000000000200000003000704000490080016000000000030451090 179642358352879461864135927785316249246598173913724685497283516521967834638451792
090000000007203605032790480020604510004000900051908060015049720209106800000000050 598461372147283695632795481923674518864512937751938264315849726279156843486327159
000908060809070300040000090600803009080010030900504002070000010002040508060207000 123958467859476321746132895614823759285719634937564182478395216392641578561287943
015090000600000000000200305031006007000305000700800560908002000000000004000010230 315798642642153789879264315531946827286375491794821563958432176123687954467519238
000401020604390000000080040100040076073608510950030002060010000000063807080204000 897451623614392758532786941128945376473628519956137482765819234241563897389274165
064050290030000070050924080009506700500108004040000030000702000600000002000080000 864357291932861475751924683329546718576138924148279536485712369617493852293685147
008305900500782004400010007005106200000204000760000031000000000000503000930000072 178345926596782314423619857345176298819234765762958431251497683687523149934861572
000080700005002040000075006700000204428000651901000008200140000090700800007060000 649381725875692143312475986753816294428937651961524378286149537194753862537268419
000168000680000007040700602001070000400205006000040900204009070800000093000312000 372168459689524137145793682521976348498235716763841925234689571816457293957312864
100305002035970010000400080300000658080000020572000009060003000050017860400609005 148365972235978416796421583314792658689154327572836149867543291953217864421689735
675010000201800050004000100900100020040050080010007009009000500050008302000090864 675319248231874956894265173967183425342956781518427639489632517156748392723591864
010000040000905000000020000709000201000000000000574000080402030300010005065708920 512867349673945812498123567749386251856291473231574698987452136324619785165738924
000000400047056800000407503079048006060709050100360980405601000001820630006000000 658932471347156892912487563579248316863719254124365987435691728791824635286573149
360004007001000003000096040708401000005000300000705201050140000600000400200500039 369814527841257693572396148738421956125689374496735281957143862683972415214568739
010000080430089005970405300000302800000000000003506000005208039300710062020000040 512637984436189275978425316164392857257841693893576421745268139389714562621953748
030100590900500037000090816000030000709010308000080000486050000370002004091003060 634178592918526437527394816852439671769215348143687259486751923375962184291843765
076003080300000001001086504103070000008601300000050708607530900200000003030900160 576413289384295671921786534153872496798641325462359718617538942249167853835924167
080090403390760001005800000000000306002374100803000000000008900500036048908050030 287591463394762851165843297419285376652374189873619524736428915521936748948157632
004000800000270006000003005090000052018090670370000040800100000500082000002000700 624915837953278416781463295496837152218594673375621948837146529549782361162359784
301805009060001050005000104750106003000000000400208067108000300020400090900507201 371845629264931758895762134752196483689374512413258967148629375527413896936587241
087506120000070000060813090000205000170000059006000400010357040040000060500408001 987546123431972586265813794394285617172634859856791432619357248748129365523468971
000036070470800060000790000100000250609040701023000006000027000040008095090510000 915436872472851369836792514184679253659243781723185946561927438247368195398514627
500000007078600050003700910000276890000409000056831000031004200080007130700000004 549318627178692453263745918314276895827459361956831742631584279485927136792163584
008050700407060509200000003000801000000000000003409100030000080050010060020504030 398152746417368529265947813572831694941625378683479152134796285859213467726584931
040200650300000701157006900005178004000509000700624500001800497809000005034001080 948217653362985741157346928295178364416539872783624519621853497879462135534791286
090000070005301800000050000400905003070208040000000000702000605900000008060010090 396482571245371869187659324421965783579238146638147952712894635953726418864513297
020030080100206004000000000001000900002468300006905800017000530300109002000020000 924537681183296754675841293851372946792468315436915827217684539368159472549723168
910007050700020000000605000002800507009000300405001600000302000000050006040100083 916437852753928164284615739162893547879546321435271698691382475328754916547169283
307000906090000050008000700020000010900106008600070004000060000016000890000923000 357412986492687351168395742723548619945136278681279534539861427216754893874923165
210905000400080300090100500309000004060000080100000207002007050006010009000509046 213975468457682391698143572329758614764231985185496237942867153576314829831529746
820030015750000069000045000008901000906000201000307900000180000680000047590070032 824639715753218469169745328478921653936854271215367984347182596682593147591476832
096080210070000060200905007000000000003090500459030178002000800010000050704050902 396784215875312469241965387127548693683197524459236178532679841918423756764851932
206980007030200050009100604000000846500000001183000000608001500010008060700039102 256984317431267958879153624927315846564892731183746295698421573312578469745639182
020000100098002067500067020075080000009103600000020470080240005460700890002000040 726539184398412567514867923675984231249173658831625479987246315463751892152398746
052749810400000009000108000000507000203906501000010000030000020041000930020364050 652749813418653279397128465184537692273986541965412387536891724841275936729364158
050973800000000007200514000702050409801209305305080201000145006600000000004736010 156973842439628157278514693762351489841269375395487261983145726617892534524736918
200056039508000000009201670102609400900000007007105902014907200000000306890560001 271456839568793124439281675152679483946328517387145962614937258725814396893562741
300600000100000005004070060890200000502000408000007019050030100900000006000004002 375619824169428735284573961897241653512396478643857219456932187921785346738164592
000600005049000000007000802900060008060238040100050007308000200000000680500001000 813672495249815736657493812934167528765238149182954367398746251471529683526381974
000059400049008020108470690390000500207060904006000018015084702070500840004720000 763259481549618327128473695391842576287165934456937218915384762672591843834726159
000054000060000090200080074105200038820040057340008901580090003030000010000410000 918754362467132895253986174175269438829341657346578921581697243634825719792413586
000804000016000940008070300005000400900362001070090030500000004091050270000107000 359814627716523948248976315635781492984362751172495836567239184491658273823147569
603010407000009100120003009039604000500000002000902370800100034002300000306020508 693518427754269183128743659239674815567831942481952376875196234942385761316427598
005000090000385100310070000000064208070000030802790000000010026003542000080000900 765421893924385167318976542539164278176258439842793615457819326693542781281637954
605000028820016430040000007030201000070040010000703050900000080051420076780000501 695374128827916435143582697538291764276845319419763852964157283351428976782639541
400008002016070030008040570700293000051704380000581007045020900070030460800400003 437158692516972834928346571784293156251764389693581247345627918172839465869415723
000000000001040200300102007000000000640000075500908002068437590407529608000000000 824375916791846253356192487182754369649213875573968142268437591417529638935681724
002040300013905670500613009090807040000000000004050900020000090085000260170000053 962748315813925674547613829691837542258469731734152986326574198485391267179286453
806000003540100600000070900000701009210309067600804000004090000002006094900000301 876942513549138672321675948453761289218359467697824135184293756732516894965487321
050000000708040309001009080000000130080903060023000000040500600507010208000000070 459638721768241359231759486975864132184923567623175894842597613597316248316482975
600347095500000000007906800703501409100030007405702601004103900000000002270694008 618347295549218763327956814783561429162439587495782631854123976936875142271694358
000058090800000000612000008070029000005060100000740080400000653000000004060590000 734658291859412736612937548378129465945863172126745389497281653581376924263594817
216000804007004306390006012089407000000010000000605430170900043502300900903000271 216793854857124396394856712689437125435219687721685439178962543542371968963548271
100300008070010050000854000008000904059060780407000500000693000060070010900001007 145327698873916452296854173618735924359462781427189536781693245564278319932541867
004701000006005000001090578640010005002406900100070046498060300000300700000209400 854721693976835124321694578647912835532486917189573246498167352215348769763259481
043020090102309006000004027091000080600010003070000160930700000800602709020090630 743526891182379456569184327391467582654218973278953164936745218815632749427891635
002896500005000000600003092807261004100709008900548706740600009000000400009324600 312896547495172863678453192857261934164739258923548716741685329236917485589324671
801030006053000080000078053008040000409307801000020300720190000080000930300080204 871532496653419782942678153238941675469357821517826349724193568185264937396785214
000000906061000000200001008050680090007030500030049080400700001000000370809000000 748253916361978425295461738154687293987132564632549187423796851516824379879315642
750609003030000096006000200300020009000897000400030005009000400240000010600208037 752619843134782596986453271367524189521897364498136725879361452243975618615248937
010000500000107002207560300080010760001306200036070010008035109700401000003000050 814293576365147892297568341582914763971356284436872915648735129759421638123689457
003004560652003980840000012470080000000302000000090051790000023024700195085200400 913824567652173984847956312471685239569312748238497651796541823324768195185239476
096003270207610003400070096100000030064030750070000002610040007800067905059300610 596483271287619543431572896128756439964231758375894162612945387843167925759328614
520000064000874000010000030090602080080000050203000406005407200076080540800000009 527391864369874125418526937794652381681943752253718496935467218176289543842135679
080507010500030004000901000670000029000379000004000100050000040908000201127000965 489567312561238794732941658673814529215379486894625173356192847948756231127483965
900000401030020070800000300000950036040000050250068000002000005060070090104000008 925637481436821579817549362781954236649213857253768914392186745568472193174395628
403508109000000000000936000300090001080000060004107500800040005605209407040603010 463578129978412356521936748356894271187325964294167583832741695615289437749653812
140030082700000001050000090036080510008793200000060000000104000080020070074000160 149635782762849351853217694936482517518793246427561938695174823381926475274358169
000080010824100090000203040009040360600809002037010800070301000010008536040090000 763984215824157693195263748289745361651839472437612859576321984912478536348596127
600904058270008010008300600520000106000000000807000049005002700040800061310407005 631974258279658413458321697523749186194586372867213549985162734742835961316497825
805170029240060010000890003000000307654000182302000000500043000060020034420019806 835174629249365718716892453198256347654937182372481965587643291961728534423519876
004706000700005001030010400300800070020000060050009002005060090900200005000501300 514726983789435621632918457396852174827143569451679832145367298963284715278591346
150000062900506003000809000001030600206000409400000005600080004005000800800654001 158743962974526183362819547591432678286175439437968215619287354745391826823654791
037610400000007002902004708023000007600080005500000390304200906700900000009068570 837612459145897632962534718423159867691783245578426391354271986786945123219368574
010307050040060080089105620007000100000791000004000700430000019070609030008000200 612387954745962381389145627897524163563791842124836795436278519271659438958413276
004003560670040080805000304200060000080407020000030009709000805050070096018500200 194783562673245981825619374237961458981457623546832719769124835452378196318596247
109405007020100080003600409300020751000503000285010004502008100040001090900206503 169485237724139685853672419396824751471563928285917364532798146647351892918246573
200000903043090050100073040002609000056020170000507200020730006080060520407000001 278456913643192758195873642712649835956328174834517269529731486381964527467285391
080050040002409100490000076300040005054070860200000009600000004049000380000020000 186257943732469158495138276368941725954372861271685439627893514549716382813524697
007060400200408003080107050000000000510000048394000162000010000030609020008000600 957362481261458973483197256876241395512936748394785162629814537135679824748523619
086020000020050803000000900203600094700304002850009301002000000601040070000060140 386921457927456813145837926213685794769314582854279361472198635691543278538762149
700080025140000380083001900004070000600903008000010700001200450072000036950030001 769384125145629387283751964514872693627943518398516742831267459472195836956438271
000000150409018000708600920070040300020803010004050060041007603000320509093000000 362974158459218736718635924876142395925863417134759862241597683687321549593486271
005000900060523040800609005200030009000408000004070500507090806903000104000000000 345781962169523748872649315258136479791458623634972581517294836923867154486315297
500007243400023000800650000930000500075000890004000032000065007000910005152700009 561897243497123658823654971938276514275341896614589732389465127746912385152738469
040010070602000508300208009000804000901000702200000003050000090000793000000000000 849315276612947538375268419537824961981536742264179853153482697426793185798651324
170290508000007106620010000080000009204000601500000070000080013809100000401035092 173296548948357126625814937387461259294573681516928374752689413839142765461735892
009010600005000700000948000000493000300000009020080070080205060470000085000000000 239517648845326791617948352751493826368752419924681573183275964476139285592864137
000647000042000000180000040700006800006895700008100006050000037000000910000289000 593647182642918573187532649715326894436895721928174356859461237264753918371289465
070500209001200008930000000000804300003010700004307000000000074400005100708002090 876543219541279638932168457197854362283916745654327981325691874469785123718432596
500000008306709104072000590009302600000576000000000000200435009000020000001000700 594261378386759124172843596749312685823576941615984237267435819958127463431698752
400690813100000000209013700002804006305000108600107200001940307000000004764028001 457692813136785492289413765912834576375269148648157239521946387893571624764328951
003080010900100000006394702009713420601409807024865100305978200000006003070030600 243687915987152364516394782859713426631429857724865139365978241198246573472531698
000020000040107000036400500005004000160000093000900400001008640000205080000030000 917523864548167239236489517895374126164852793723916458351798642679245381482631975
050000030000020000000319000006000400200108007001205800040000050060907020030080070 659874231314526789827319645586793412293148567471265893742631958168957324935482176
043501000050000091001028306106905007007060100400107809809640500560000070000709620 643591782258376491791428356136985247987264135425137869879642513562813974314759628
106900083390020070000130006000000705089070340507000000900042000070090012460003908 146957283395628174728134596214389765689275341537461829951842637873596412462713958
000356700097020030605790280700000103451000928308000007012037605040080370003265000 284356719197824536635791284729548163451673928368912457812437695546189372973265841
004009860300160500560000001600405030010000050040207008400000083009084005071500900 124359867397168524568742391682415739713896452945237618456971283239684175871523946
008105900360208075502907304000302000290604053000080000000000000031000590040090060 478135926369248175512967384684352719297614853153789642926571438831426597745893261
000000040569030000000100508000002809400060007602300000806004000000080426050000000 178259643569438712243176598317542869495861237682397154826914375931785426754623981
000000000350907064009030700900000007040080010200503009476000193000000000010000080 724658931358917264169432758935164827647289315281573649476825193892341576513796482
000007000023080050007450160200906300096000510008205004052073900030090280000500000 541367829623189457987452163215946378496738512378215694152873946734691285869524731
300000091890005060005190400040507900003000200008901040006074100020600074480000005 364782591891345762275196483642537918913468257758921346536874129129653874487219635
007204300400103009200000006000070000031000860740000021390607018000905000070080090 917264385486153279253798146629871453531429867748536921392647518864915732175382694
030716000000004006001980400470000308509030601603000027006073200800100000000659010 234716985958324176761985432472561398589237641613498527146873259895142763327659814
100020008000301000002985700000208000400000005050000030030090080070000050805000104 193627548587341926642985713316258479429173865758469231231594687974816352865732194
008020016000040590000000804065300000700106002000002960806000000054090000910060200 438925716672841593591637824265389147749156382183472965826713459354298671917564238
309060842000090000006020930802500060034000290060002504051070300000030000743050609 379165842425893176186427935812549763534786291967312584651974328298631457743258619
600800095802070000000103020004080901080305060201090300070401000000050603130008007 613842795842579136795163824354286971987315462261794358576431289428957613139628547
048050000000710402013000508000507090950080073060903000406000980501079000000040150 248356719695718432713294568834567291952481673167923845426135987581679324379842156
094002800000001009803000204460020000000607000000090053506000908700400000002500130 194732865625841379873956214469325781351687492287194653516273948738419526942568137
001950720476020080500600034000040807250708091708030000830006005010090243045073600 381954726476321589529687134193542867254768391768139452832416975617895243945273618
000506091000002000800000027014900805030000060208007130920000004000200000540301000 472586391395712648861439527614923875739158462258647139923865714186274953547391286
308000579500038000209710308030020700042386190001090020407053802000260007623000901 318642579574938216269715348936521784742386195851497623497153862185269437623874951
200590168830640050100000000000205081680000079710809000000000004020086095548017006 274593168839641257156728943493275681682134579715869432967352814321486795548917326
100080007020700530060402000003000640800000003016000800000306010042005080300020006 134589267928761534765432198293857641857614923416293875589346712642175389371928456
000000000082305060004869250026901370009070500047206810035694100090107640000000000 653712498982345761174869253526981374819473526347256819735694182298137645461528937
009506300040080020010402050800000006020030070070801030068704590000050000001020400 289576341547183629613492758835247916126935874974861235368714592492358167751629483
000063700090001000501040600005620090809000307020089100006090803000800060008530000 284963715693751284571248639315627498869415327427389156756192843932874561148536972
000481230000070080060500000608000103007000900904000608000007020050010000079648000 795481236342976581861532794628794153517863942934125678186357429453219867279648315
000283400060004300005690000000000012010050060570000000000047900004900080008125000 197283456862574391345691278483769512219358764576412839651847923724936185938125647
300000028960100040000200000000040530000708000071020000000002000030009014480000009 314596728962187345758234961829641537643758192571923486197462853235879614486315279
006492700030805010000000000053000140000206000010050090300000007800000002040000080 186492735932875614574163829253987146498216573617354298321548967869731452745629381
900000001002507000065009000006030142800000009541090700000400810000701200100000007 987346521412587936365219478796835142823174659541692783279463815638751294154928367
000492000800607009300108007030905070910000086000000000703000902100060003200309001 571492638842637519396158427638925174915743286427816395763581942189264753254379861
000300000032960040000827010001409386085000120643102900060791000010038260000006000 876314592132965748594827613721459386985673124643182957268791435417538269359246871
003004700705000041080000502806009010500841003070600804607000020250000409009200100 923514786765328941184967532846739215592841673371652894617495328258173469439286157
200000003000982000000000000086504190030208060000060000600703008005409200019000470 297641853563982741148375629786534192431298567952167384624753918875419236319826475
700000009000102000401000308004908600590306042010050070005769200100000004370401096 723845169986132457451697328234978615597316842618254973845769231169523784372481596
020100030537080041000073060006020007013706890200090600090510000160030524050002070 629145738537689241841273965986321457413756892275498613792514386168937524354862179
008000200407208601000000000053847920000000000800090005080904030070010060910000057 598461273437258691261739584153847926749625318826193745685974132374512869912386457
007801060806700000000025087208040019004206300650080702180370000000002801090108500 527831964816794235349625187238547619974216358651983742185379426763452891492168573
000800060900000013001500800840000001000030000100000089005004200720000005010006000 534871962978642513261593874847965321692138457153427689385714296726389145419256738
000030100000206800736051900092000010401000602050000340008510237005302000003060000 829437165514296873736851924392645718481973652657128349968514237175382496243769581
000640070740000010003201400002809704900000006408106200001307900060000021090012000 129643875746985312583271469612839754935724186478156293251367948367498521894512637
290000074001000600050020080045000290920000047000000000300207009000906000700503001 298365174431879652657124983145738296923651847876492315384217569512946738769583421
009050130080000200007806000000500009300000002200004000000603900008000070012070500 469752138583941267127836495846527319395168742271394856754683921938215674612479583
004016000010009370059000206480050000500801009000070085605000840031400050000120600 374216598216589374859734216487952163563841729192673485625397841731468952948125637
056000430000000000000205000000107000860000041003000800970000012020070060008509300 256718439789364125431295786542187693867953241193642857974836512325471968618529374
010365000030000459020400000600040903400156007701030005000008030369000020000613090 914365872836721459527489361652847913493156287781932645145298736369574128278613594
600200519310098060200001000039405006020060040700309280000900001050170024162003007 687234519315798462294651738839425176521867943746319285473982651958176324162543897
008007004509010080306004090000000157000000000127000000030100205060050908800200300 218597634549316782376824591493682157685731429127945863934168275762453918851279346
005000100100000004406010205001507600000030000800000002040908060062000570000000000 735492186129856734486713295291587643654239817873164952547928361962341578318675429
100070030000005027503100000017000000000801000000000680000004908650300000040050002 129476835486935127573182496817563249264891573395247681732614958658329714941758362
002010704040600008500000106270100800003000400006009072809000003600008050104060900 362815794741693528598427136275134869983276415416589372829751643637948251154362987
030000800000149002204078100086703020071020580020804610008430901900587000002000050 137265894865149732294378165586713429471926583329854617658432971913587246742691358
284000006070009834090087001018952000007108300000673180800790020742800010900000748 284315976175269834693487251318952467567148392429673185851794623742836519936521748
080004600050089043600200000170020400040306070006090031000005008710860090008100020 981734652257689143634251987173528469849316275526497831362945718715862394498173526
102400005090802430040605009027000183000060000934000650400503020059708060300006504 162439875795812436843675219627954183581367942934281657416593728259748361378126594
804703091900601000000040006290000015003050800480000037300010000000206003620407108 864723591952681374731549286296378415173954862485162937347815629518296743629437158
004070300520030000008029010001200008060050070200007900010560400000010057002040600 194875326527631894638429715371296548869354172245187963713562489486913257952748631
050700800076010034203000570000103009040000080900804000064000102320060490001002060 459736821876215934213948576682153749145697283937824615764389152328561497591472368
640000087030090020000000000005402700016000590870905063004821600000030000060000040 641253987538796124927148356395462718416387592872915463754821639189634275263579841
030000070806000902050809060001040200000602000007050400020104080403000109060000030 932461875816375942754829361691748253345612798287953416529134687473586129168297534
040000900002014000000900307600402780200000006057801003509006000000740200003000060 348657912792314658165928347631492785284573196957861423529136874816745239473289561
006502000003890000002000719400060097080309060630070002768000200000026500000701900 976512483143897625852643719415268397287359164639174852768935241391426578524781936
000501000610080054070402010006000100050090020008613400947000261000070000000206000 834561972612987354579432816496725183351894627728613495947358261263179548185246739
047600000009025004002900617090507801030000040104309020871003200400870100000001470 347618952619725384582934617296547831738162549154389726871493265425876193963251478
582703009000100506010002007207000065000070000640000801400600090103007000700304158 582763419374198526916452387237841965891576234645239871428615793153987642769324158
007503820904100000500000061700201084000000000630405007240000008000004102071309600 167543829924186753583972461759261384412738596638495217245617938396854172871329645
600039000100002470000000800070900000400156009000004080007000000031500007000320001 648739512195862473723415896576983124482156739319274685257691348931548267864327951
801200459700000000600109008007302506000000000409608700500406001000000005342001907 831267459795834612624159378187342596263975184459618723578496231916723845342581967
702000009000103000000042007096000050004050800020000340900610000000705000100000904 732586419459173628681942537896431752314257896527869341973614285248795163165328974
810006057506080001000140080400000100078000290002000005020038000700010302930600014 813926457546783921297145683459267138178354296362891745621438579784519362935672814
800274009000103000500000001730000082000000000080502040047000650002401900000000000 816274539429153867573698421735946182264817395981532746147329658652481973398765214
090005070800073609046000300670020000020516040000030068005000930409350006030600080 391265874852473619746981352673824591928516743514739268265148937489357126137692485
902137000000580703030040090305000009000000000100000406010070030704061000000452107 982137645641589723537246891365814279479625318128793456216978534754361982893452167
300100049801934000000000010030090071040708060170050090020000000000873602580001007 367125849851934726294687315638492571945718263172356498723569184419873652586241937
200004000001000000670030900040680070705010802060053010004070098000000200000100004 293564781451897326678231945149682573735419862862753419524376198316948257987125634
749000356000070000000000000004807600010309080087605910000000000908102405270060098 749281356135476829826953741594817632612349587387625914451798263968132475273564198
010035900060000000370009004007610000502000601000082300600100045000000020001270060 218435976469721538375869214897613452532947681146582397623198745784356129951274863
000800150403600900560071020007080049001307800820090300030560094005009601094003000 279834156413652978568971423357186249941327865826495317132568794785249631694713582
500000031230401705010000900000006070050329060090800000005000040603504017420000003 567982431239461785814735926342156879758329164196847352975213648683594217421678593
400830701083140060106020380000000075741000836530000000057060108010085640804091003 495836721283147569176529384628413975741952836539678412357264198912385647864791253
307904508001000300004806700000185000005020900600000001406090803000000000000703000 367914528981572346524836719249185637135627984678349251456291873793458162812763495
010746050000000000000030000500000001002509600700000003074108320009070800820000016 213746958468925137957831462546387291382519674791264583674158329139672845825493716
560017004020005379030820000170000900603000107005000083000046090457100030900730015 569317824821465379734829561178653942693284157245971683312546798457198236986732415
067000580001030700950060014046908170705301408000000000070080020000604000000207000 367149582421835796958762314246958173795321468183476259674583921512694837839217645
010300000000064105060815000086000901097000540501000620000142030108730000000009010 815397264973264185462815397286453971397621548541978623759142836128736459634589712
507000401020000070100502003002030700000647000008050600800709006090000040706000908 587396421623184579149572863462938715951647382378251694834719256295863147716425938
000906070100000003050483000024305001000070000700108950000569010300000006060704000 243916578198257643657483129824395761519672834736148952482569317375821496961734285
001204000003100000007000216400379052000608000970521003852000700000005300000702800 681254937293167548547983216418379652325648179976521483852436791769815324134792865
097001060680000974054907102106000300000090000009000405905306740723000059060500230 297481563681235974354967182146852397532794816879613425915326748723148659468579231
005000000076058130020076058047305000082090370000107860730860020068530490000000600 895213746476958132321476958647385219182694375953127864734869521268531497519742683
050004000302080000000006952500001200091000840004200005829500000000070109000400030 956124783372985461148736952563841297291357846784269315829513674435678129617492538
090508130100009702820000000560080001000376000300090068000000047205400003041902050 697528134153649782824713695569284371418376529372195468936851247285467913741932856
003004006001980000954060308000002030002050600010300000805010963000038500600400800 783524196261983475954761328596842731372159684418376259845217963129638547637495812
200000975410009060600850000040903600001040500003508020000021009020400016186000002 238164975415739268697852341542913687871246593963578124754621839329485716186397452
903000402005967300000000000000000000000408000730000046170020083406000705000090000 963815472245967318817243569584672931691438257732159846179524683426381795358796124
080420000003000070004060500000008109800000005102600000005070900010000400000091080 581427396693185274724963518356748129849312765172659843265874931918236457437591682
600800004000025300080361000052000608046000230308000710000958070009710000500002001 623879154917425386485361927752193648146587239398246715261958473839714562574632891
000300000017000063090020500002004390700000008051600400008070030630000270000005000 485369712217548963396127584862754391743912658951683427528476139634891275179235846
400000009602907301000030000000402000004090100201070508900050007007801900106000405 453186279682947351719235864865412793374598126291673548928354617547861932136729485
000805000400030006300000005000173000060000090000050000601000402800409007024000930 276815349459732186318694275982173564563248791147956823691387452835429617724561938
005016090920000060000003005603142000200308006000695307800500000030000071010280500 385716294921854763764923185673142958259378416148695327897531642532469871416287539
500080064104500000000012090009000050801020403060000900010230000000008609430060007 592783164174596382683412795249371856851629473367854921916237548725148639438965217
900007004006845000000690020610000540092060370035000096060024000000153400100900003 951237684276845139384691725618379542492568371735412896563724918829153467147986253
090048000001006408042030610480000000906000805000000039034020980508400300000780050 697148523351276498842539617483957162976312845215864739734625981528491376169783254
030000010200000005700080009040000050000406000105209603004703800070108030860905071 436592718298317465751684329647831952329456187185279643514723896972168534863945271
096270540400500000100000826009600000030040060000003700825000007000004003043015680 396278541482561379157439826519687234738942165264153798825396417671824953943715682
000510070058000003900003000600080905300000001702090004000600008100000390030024000 463512879258479163917863452641387925395246781782195634579631248124758396836924517
400000006008794000002600840080020430050903070097040020025009700000286500600000001 471832956568794312932651847186527439254963178397148625825419763713286594649375281
583000001002500609060021053006208010001030900020405800170360020205004700600000194 583946271412573689967821453746298315851637942329415867174369528295184736638752194
000004620008500000400070809070000050000427000030000060802090004000001200057300000 793184625128569347465273819971638452586427193234915768812796534349851276657342981
018002000090067000705090030000000106580000029407000000070040805000120060000600340 618352794394867251725491638932584176581736429467219583276943815843125967159678342
010008090200500307037000100500080020000406000020090001002000570406007008080900040 615378492248519367937642185569183724371426859824795631192864573456237918783951246
400620007080904310030087000098000042601000805750000690000410060064208050100069008 419623587287954316536187924398576142641392875752841693873415269964238751125769438
060802010005163800800000007001594700000000000209000106502000603300040001000706000 964872315725163894813459267631594728487621539259387146542918673376245981198736452
100000009000263000806010703064307850000000000908020604002000400380604012040000070 135748269497263185826519743264397851513486927978125634752831496389674512641952378
609020407200000003073000910000070000020000090000508000008010300410203059000709000 659321487241897563873654912185972634327146895964538271798415326416283759532769148
900580004000042900060903000034000605150000092806000130000109050001430000600075001 913587264785642913462913578234791685157368492896254137348129756571436829629875341
300502490000060215000000080002400003010000050600009700090000000136090000087306002 361582497849763215725941386972458163413627859658139724294875631136294578587316942
010520000009076005005010320040000002523000781100000050068040200400690100000087040 314529867289376415675418329846751932523964781197832654768145293452693178931287546
000805000500000009708921504106000705300090008009040200000000000050070040004203800 491835627532764189768921534146382795325197468879546213687419352253678941914253876
000000700040005306200003050007950003000000000400081200030600005708200040001000000 583164792149725386276893154817952463392476518465381279934617825758239641621548937
050040070307000106006201400000000000000104000200050009070309080081000360000706000 152643978347598126896271435518962743769134852234857619675319284981425367423786591
060000080201000605030406090008030400000805000009020500040709020503000906020000050 764592381291378645835416297658937412412865739379124568146759823583241976927683154
370080015000000000420605078000503000601000407087000230100804002750000041000000000 376482915815937624429615378294573186631298457587146239163854792752369841948721563
009075060070001038020000001010407005000000000300509080400000070830100050060730400 189375264674921538523846791916487325758213946342569187491652873837194652265738419
040210037050300000800000000060700000903000406000008010000000001000003040780064050 649215837257386194831497562168749325973521486425638719394852671516973248782164953
908000041000001030000000002000006710004020300031900000300000000040300000720000503 958273641267841935413569872592436718674128359831957426385792164146385297729614583
340000207020000390009002008900560000006809100000041005400100600065000030103000084 341698257528417396679352418914563872756829143832741965487135629265984731193276584
940070015700000008006090400000359000805607301000182000002010800300000002160020097 943876215721534968586291473217359684895647321634182759472915836359768142168423597
090003600080602017600057000749000050005000100020000493000740008270106030008300040 597813624483692517612457389749231856835964172126578493351749268274186935968325741
000268400004050000208003150607905001190000076400601905026300508000010700003827000 951268437374159862268743159687935241195482376432671985726394518849516723513827694
600804007301060408070090020008000100590000042100942006010000050000401000000050000 659824317321765498874193625248576139596318742137942586712639854965481273483257961
000004108800700940010500000002009000089000650000400200000007020061002007907100000 295634178836721945714598362642859713189273654573416289358967421461382597927145836
000000005000106900074050003010085060800000004020640010100060820005204000300000000 291438675538176942674952183419385267856721394723649518147563829985214736362897451
007320500015407060800006047059000078300000004420000350730800005080904130004035700 647328519215497863893516247159243678378651924426789351731862495582974136964135782
097600200010580049800007003008000067060000020750000900500700006270048090009006170 397614258612583749845297613928431567163975824754862931531729486276148395489356172
000090000700536004160000025430000051005000400901000708086709240300254007000000000 854192376792536184163478925438927651675381492921645738586719243319254867247863519
608050704007063000900400031060704300810000076003506040780005003000630800306040905 638152794147963258952478631569714382814329576273586149781295463495631827326847915
105079623700500000600200007900306580400000001052708004500004006000007005247690108 185479623724563819639281457971346582468952371352718964513824796896137245247695138
001006002009030001007408300418000000000000000000000183002604900600080500500200700 351976842849532671267418395418369257735821469926745183172654938693187524584293716
090000850008032600007600209900380000000706000000024005809001400005240700026000090 692417853518932674347658219964385127251796348783124965879561432135249786426873591
053004180106003004900001025647030000000508000000040732720400003400300807031600240 253794186186253974974861325647132598392578461815946732728419653469325817531687249
002006003009500070804000002680030720000000000027080065400000206030009500700600800 152476983369528471874391652681935724543267198927184365498753216236819547715642839
600040900030690002200085300000004000092050480000800000007530001500018040006020009 675342918834691752219785364368274195792153486451869273947536821523918647186427539
000300800000069500640002000062704009030080020900206340000600075006120000005008000 159347862273869514648512937862734159534981726917256348481693275796125483325478691
000000500100030780200500003605708040001409300040103806700004008028010004003000000 367842591154936782289571463635728149871469325942153876716394258528617934493285617
602500790000000000947000025000090050080704010030060000360000987000000000075008401 612543798853279146947186325726391854589724613134865279361452987498617532275938461
200600010000470009010500060032000905000000000109000780050003020300094000070005006 295638417863471259714529863632817945587942631149356782958763124326194578471285396
007013000062000030008020195400701000201080409000209008625070900090000740000960500 957813264162495837348627195489731652231586479576249318625374981893152746714968523
030000080000106000002040500600070009001000200095000130000309000170000023009000400 436592781957186342812743596643271859781935264295468137524319678178654923369827415
010000000000201006003054100089030010005607800060040230007420500300906000000000020 914368752578291346623754189489532617235617894761849235197423568352986471846175923
301000200000002040480300006000040635040050090257030000900006087010500000004000509 371964258569782341482315976198247635643851792257639814935426187716598423824173569
009024080002560409405008000900000001001080900200000003000700108108093500090810700 719324685832561479465978312986437251351286947247159863623745198178693524594812736
300060004009010500405000801002000700810000023000604000000030000000508000020090060 371865294289413576465972831652381749814759623937624185148236957796548312523197468
002315700007006000800000041930604002600090004700801059510000007000500300009148200 492315786157486923863927541931654872685792134724831659518263497246579318379148265
004000600000903000051000270410000023800562001205000706002306800000000000003798400 924157638678923154351684279416879523837562941295431786742316895189245367563798412
000300000100000203040500600012700000908000506000002370007001040604000008000005000 526319487189674253743528619312756894978143526465982371237861945654297138891435762
108050702006000400090020080470080031039000570005603200000000000260010057000902000 148356792326897415597124386472589631639241578815673249984765123263418957751932864
900080207000400800620700000000801750800050002074902000000004091001005000709030004 943586217157423869628719435392841756816357942574962183285674391431295678769138524
300000007570403091000050000000080000100000009406907102010268070003010200802000906 341896527578423691629751834297185463135642789486937152914268375763519248852374916
000000564030060000600908001005007000490000082000800700100203009000010070523000000 789132564231564897654978321815427936497356182362891745176283459948615273523749618
003000280850001090201003607082936000000702000000458120504300906010500038098000500 973645281856271394241893657182936745435712869769458123524387916617529438398164572
080000000203800400750249010000020001002368900900070000010736084004002506000000070 481653729293817465756249318837925641142368957965471832519736284374182596628594173
902006053180000020000970008700104300006000500008203007800037000030000071270600904 942816753187345629563972418729154386316798542458263197891437265634529871275681934
000840000020000800060000305304700001200010007800003502509000040007000090000031000 713845629925376814468129375354762981296518437871493562539287146187654293642931758
036000000500700800100300002008034600000000000004980100600001009001009007000000240 236598714549712836187346952918234675352167498764985123673421589421859367895673241
000601450480000760160004000604207008000090000800406209000800097031000045058109000 379681452485923761162574983694217538527398614813456279246835197931762845758149326
790000803001600004600080050000807010008000400020306000080070005500002600103000097 794251863851693724632784951965847312318925476427316589286479135579132648143568297
300090846100003500860400000010000200900080005005000090000004038009600002678010004 352197846194863527867425319716549283943281765285736491521974638439658172678312954
060500300005204106230000050020907081000010000850302070090000015503409800002005030 169578342785234196234691758326957481947816523851342679498763215513429867672185934
020080130300000007400326000001802900204050708006907200000279004600000009049030070 925784136368591427417326895751862943294153768836947251583279614672415389149638572
006018230000000049073000008590800000704000103000004065400000720810000000037250800 946518237185732649273649518591863472764925183328174965459386721812497356637251894
007005900045008070100009053734000000000000000000000521680700005010800490003500600 327615948945238176168479253734152869251986734896347521689724315512863497473591682
040002000780001400000000060007500038800000002420007500060000000003700056000800010 641952387789631425352478169197524638835196742426387591568213974213749856974865213
001500070904708000008200549020000451000000000613000080135004200000102804080007600 261549378954738126378216549827963451549821763613475982135684297796152834482397615
020000090608000705050704010001060900000807000007050400070906050106000208040000060 724615893618239745359784612531462987462897531987351426873926154196543278245178369
090076100000000208480000000500040000900601003000020001000000074706000000005490030 293876145657314298481259367518743629972681453364925781839162574746538912125497836
603000508200408001000000000000030000050109020020687090870000016000516000002000400 613792548297458631548361972981235764756149823324687195875924316439516287162873459
300090106060450390240006000005000030970010025030000800000600054026043080401080003 357892146168457392249136578815269437974318625632574819783621954526943781491785263
200800305005300900390406010006000723000000000928000500010608037009002600702003008 241879365685321974397456812156984723473265189928137546514698237839742651762513498
000090000010000020000607000700050001000709000009080400050000030800345009306000107 483592716617834925295617348728453691134769582569281473952176834871345269346928157
100000204000710090040000017003802000700090008000103700950000070010086000402000003 175639284238714596649528317563872941721495638894163725956341872317286459482957163
320010000070340600000000005000800013200504007840001000900000000005076080000050091 328615749571349628496287135657892413219534867843761952984123576135976284762458391
001000040940003520025640809070030200003897400008060070109072680067900012080000900 831529746946783521725641839674135298213897465598264173159372684467958312382416957
084000750600000003100060008000704000009806200045000630000601000001000800007409100 984213756672548913153967428216734589739856241845192637598621374461375892327489165
300005708001720500560000030600080040080106070050070003030000027008057100706800009 392465718841723596567918432673589241284136975159274683435691827928357164716842359
040080350800460201610003000006517090170208035050634100000300062301076008067040010 742189356893465271615723489236517894174298635958634127489351762321976548567842913
006004701010060004007000023600002080301000502020900006970000100800010060105200400 536824791219367854487591623654132987391678542728945316972456138843719265165283479
200000603017036020400002010042305000060080050000401980020100007090520860301000009 285714693917836425436952718842395176169287354573461982628149537794523861351678249
100605004400107008006000700008030200300908007000000000060090040200806009001204500 172685934493127658586349721648731295325968417719452863867593142254816379931274586
100080006025906030000024090051000040807000902040000680080190000010502870400030009 194385726725916438638724591251869347867453912349271685583197264916542873472638159
009400120400050000201080405000605001015000690600708000106070508000020004048006200 589467123437152986261389475372695841815243697694718352126974538953821764748536219
800004300000000014006350800200030900060809070007010003003062700150000000009500002 821694357935287614746351829218735946364829571597416283483162795152973468679548132
006000700000208000500000009400010007000367000020000090070080030009501800043000560 386194725794258316512673489438912657951367248627845193175486932269531874843729561
000010000048030760095000380006708400000000000020060010057000830030000020000293000 372816945148935762695472381516728493483159276729364518257641839931587624864293157
009400006200107000007900040028000010030258070070000620060001300000603009500004100 159482736246137895387965241928746513631258974475319628764591382812673459593824167
000750020657000000420960000000500003706030902900006000000017034000000619080093000 891754326657382491423961587248579163716438952935126748569217834372845619184693275
900002003030804201708000000000000010047090560090000000000000702406708030300500006 914652873635874291728931645563287914247193568891465327189346752456728139372519486
500001074730504810020086000986000030002000500040000621000450060057108043610900005 568391274739524816421786359986215437172643598345879621893457162257168943614932785
654000901001405007307001654065000070000050000040000190419700503500609700706000849 654837921291465387387921654165394278972158436843276195419782563538649712726513849
070040080010000020409000106300827001000000000045301790000000000700216005203000607 672143589518679324439582176396827451127954863845361792961735248784216935253498617
080500000040000876063010400000163002006904700300857000005070160734000080000005040 987546321541239876263718459478163592156924738329857614895472163734691285612385947
200003007001897000000100040930208610060040090017609082080004000000316800300700001 298463157541897236673152948935278614862541793417639582186924375754316829329785461
008100090410500720097002401004207038000010000870903500209700150041005062050001800 328174695416589723597362481164257938935618247872943516289736154741895362653421879
507601809120000056048050370000835000090000060000000000004912600900000002010407030 537641829129378456648259371261835794793124568485796213354912687976583142812467935
106004002070008010005000709640807000000030000000106054304000600050600020800700503 196574382273968415485312769649857231521439876738126954314285697957643128862791543
700000009400010006180906054004208500000090000058000690000509000873000915060070020 736452189495817236182936754914268573627395841358741692241589367873624915569173428
800200704009086000400305090042000506030000010105000340060502008000940600201008003 853291764729486135416375892942137586637854219185629347364512978578943621291768453
800730092970562080000008000038405016260000058590806270000300000040259061120087009 816734592973562184452198637738425916261973458594816273689341725347259861125687349
008740060401026300060000014030607005680000043200804070570000090002560708090073400 328741569451926387769358214934617825687295143215834976573482691142569738896173452
400890100800063000090004000004000950300000004072000800000300070000120009007085006 456892137821763495793514682164278953389651724572439861915346278638127549247985316
234009017800000602070008003902503000000020000000706201400900050308000009710300426 234659817895137642671248593982513764167824935543796281426971358358462179719385426
000004600906000005070090000400200070059070460010006009000010080100000507008300000 385724691946831725271695843463259178859173462712486359637512984124968537598347216
000093000090050023030201700208000300970010068001000502007809050620030080000720000 782493615194657823536281749258946371973512468461378592317869254625134987849725136
504070003090081000000500007020090600706805904005010030800006000000150060600020509 564279183297381456183564297328497615716835924945612738852946371479153862631728549
500000040007000815000010903000760009300090001600024000702050000891000200060000007 513879642947632815286415973158763429324598761679124538732956184891347256465281397
100050007000000000605807903041000760008090500000000000000139000060000020800070009 194352687387964215625817943941523768278691534536748192452139876769485321813276459
050037900009001804810050030470060000206704305000010047040080069908300100005970080 654837921739621854812459736471563298286794315593218647347182569968345172125976483
020009000015740036003600910800000760040000050096000003078005600130067490000200070 624139587915748236783652914851423769347986152296571843478395621132867495569214378
261900703009002108340000029010030006000508000400060010590000031804100600103006897 261985743759342168348671529915734286632518974487269315596827431874193652123456897
302060701600000003074010920067080140290601075000000000006908500000000000100204008 352469781619827453874513926567382149293641875481795362726938514948156237135274698
100500060002080030000006809700003000000201000000800002506100000010060500030002008 183529467692487135457316829725643981849271356361895742576138294218964573934752618
190000000050640000000009254001760003049000680500098100826900000000084060000000039 194852376352647918678319254281765493749231685563498127826973541935184762417526839
900060045100590000000801000001254630680307094054986200000608000000029007820030006 938762145146593782275841369791254638682317594354986271519678423463129857827435916
431700008000921003000003005097805032020060080360102590200600000600237000700008216 431756928856921473972483165197845632524369781368172594289614357615237849743598216
000487300000100700830002000709000051400060003280000907000900035005008000008354000 512487396946135728837692514769823451451769283283541967124976835375218649698354172
370500009065078023000030080030817002087206340600453070050020000740980130800001054 378542619965178423214639785439817562587296341621453978156324897742985136893761254
000006500008400300452030980500204060007000200080609005036020849005008600004300000 371896524968452371452731986519284763647513298283679415736125849125948637894367152
805000603000301000360504071080000060093000450000090000004000300000938000008020900 815279643247361598369584271582743169693812457471695832924157386156938724738426915
000507080200000000906013000100300009002080400800004007000260701000000004060105000 314527986257896143986413572145372869672981435893654217438269751521738694769145328
900071000000005070100000300090300200074080190006009040008000005060400000000890002 983271654642935871157648329591364287374582196826719543438127965269453718715896432
000008021048000900070026004000000680000030000064000000800140050003000160790200000 639478521248351976175926834312594687987632415564817293826143759453789162791265348
080940700709300000006010080900030402000864000604070005090020500000003901005091030 281946753759382146346517289978135462512864397634279815193628574867453921425791638
001067000039000070000803014708106200500000001002305806610508000080000120000710500 451967382839241675276853914748196253563482791192375846617528439985634127324719568
006204700003000400200070001009000100000791000702000803007806300800409007400030008 586214739173968452294573681649382175358791246712645893927856314831429567465137928
054000000002034005008010964080703000046000710000801030475020100600470200000000450 954687321162934875738512964281763549346259718597841632475328196619475283823196457
000604000600718004480020036005000400046000710000471000020905040850000067004000900 512634879693718524487529136175396482946852713238471695721965348859143267364287951
900040003001900000004070180000805070103000905020106000069080300000002700300060004 978641523231958647654273189496835271183427965527196438769584312845312796312769854
400805602009300000200060030800503079002000800940102005070010003000008700603709001 431875692769321548285964137816543279352697814947182365578416923194238756623759481
270054003008006204050200090820000700900000002005000041080003020103400900400670018 279154863318796254654238197826541739941367582735829641587913426163482975492675318
006008000010000320000020007068304000001000500000206130300090000072000010000800200 726938451819475326453621987568314792231789564947256138384192675672543819195867243
600107900504600007190000600008200040000408000040003200005000082400006503002304006 683147925524639817197582634938265741251478369746913258365791482419826573872354196
000060104050002003730000006004700000000815000000006800200000095900600070605030000 892367154456192783731584926184723569369815247527946831213478695948651372675239418
400000206000941300510200000030080620020105030084030050000008042002714000309000008 493857216267941385518263497735489621926175834184632759671398542852714963349526178
790800041000000000134900086003001090000379000080200400270003168000000000310002074 795826341862134759134957286523481697641379825987265413279543168456718932318692574
081005079470000600000068401000000017000931000910000000206150000009000023850200160 681425379475319682392768451523846917768931245914572836236154798149687523857293164
080100200037020081204000950000010006050907010400080000049000103360090870008003090 586179234937524681214638957893215746652947318471386529749852163365491872128763495
008104200000830400340000008400308065060050040820401003200000017004087000009502600 958174236672835491341296758497328165163759842825461973286943517514687329739512684
900058403080004050405200700860000200200000005007000086009006504050900010706510002 971658423682374951435291768864135279293867145517429386129786534358942617746513892
035002000000500020200903007420000790090807030071000045300708001060001000000300450 635172984719584326248963517423615798596847132871239645354798261962451873187326459
000000000000541000500060003400206008001903600006010300200000005040050070003000100 674832591398541762512769483435276918721983654986415327267194835149358276853627149
130900802000000003905802600008000907000050000301000500006204301200000000409008075 134976852862145793975832614548621937697453128321789546756294381283517469419368275
070000190000050206034002000000015007045030960700460000000900820408020000016000050 572683194981754236634192785869215347145837962723469518357946821498521673216378459
000600509900700008016000000600000014000974000340000007000000820800001006709005000 278613549934752168516489372697538214182974653345126987461397825853241796729865431
098400500003060901120003086001000005030000070700000100480100069902030400006007210 698471523573268941124593786841729635239615874765384192487152369912836457356947218
009008160420030050700000008200619000070803090000754001600000005010060079082500300 359478162428136957761295438245619783176823594893754621637981245514362879982547316
670500001048010600035000400586000000000904000000000213003000170001030940700002036 679548321248713659135269487586321794312974568497856213963485172821637945754192836
000000000000603709000078650910004530060159070042700098079240000408307000000000000 786592341254613789391478652917824536863159274542736198179245863428367915635981427
010000090000209000860030042400000001050000080090408020530040019008050700000187000 215864397374219658869735142483526971752391486691478523537642819128953764946187235
001500000040006830032900104020090507000703000708040010109002470064300050000001900 681534729947216835532987164326198547415723698798645312159862473864379251273451986
010409800040000153320001000501398007000502000200764905000100094152000030009603020 615439872948276153327851469561398247794512386283764915836125794152947638479683521
120000704000070030000052108007060900000308000008040200706980000080010000305000016 129836754854179632673452198547261983261398547938547261716983425482615379395724816
000461800030000050100350000400070902208605103603010008000039004010000080007184000 725461839836297451149358726451873962298645173673912548582739614914526387367184295
200090000130000700800074030908000000000486000000000107050810002006000059000050004 267398541134562798895174236928731465571486923643925187459813672316247859782659314
003010600001308500000000000800407009300080006070090050009643100000000000506709304 723514698941368527658972431865437219392185746174296853289643175437851962516729384
000010000009803400500702009900050006080000040120090078600421007410000065003000200 864519723279863451531742689947258136385176942126394578658421397412937865793685214
800070052002000700037004001620040090009000500080050046300800170006000300750030009 861379452942516738537284961625143897479628513183957246394862175216795384758431629
420000907087000026105007380009871000000206000000439200072900103960000750801000092 426583917387194526195627384249871635713256849658439271572948163964312758831765492
020409030006020900890000076050040060403000809000683000501000603030010040000030000 725469138316728954894351276158942367463175829279683415541297683937816542682534791
034705820001000300270106095000000000000010000040263010400000009500020006106809504 634795821951482367278136495812947653369518742745263918483651279597324186126879534
309580002050401030000000005060904053100000009590702010700000000030107080900038701 379586142658421937412379865867914253124853679593762418781245396236197584945638721
000730180300000900271900000400003000060040090000500003000006529002000008087019000 946735182358421967271968354425693871863147295719582643134876529692354718587219436
041070800000400009208030704000704080902010405080903000704060108600002000005090640 541279863367481529298536714153724986972618435486953271724365198619842357835197642
720600000500000600009321004000890030050000080030017000400758300006000005000002019 724685193513974628869321754142896537657243981938517246491758362286139475375462819
800050007004000300007080400708000504010000030000601000000403000070208060900000002 891354627654729381327186459768932514219845736543671298182463975475298163936517842
708000000045000000000005802000086250030020040059430000103800000000000460000000908 728693514945218376361745892417986253836527149259431687193864725582379461674152938
000001870790058140410060000950000000064090580000000064000030091089710052045600000 526341879793258146418967325957486213264193587831572964672835491389714652145629738
020004360680900012700005000106080090000103000030090201000200005350001079078300020 529814367684937512713625984146582793297143658835796241961278435352461879478359126
005000700040517620630090001010905030089070160070801050300050016061439070004000300 125683749948517623637294581216945837589372164473861952392758416861439275754126398
750006009068040027009007160206804000090020070000703902035600400910030750600900083 754216839168349527329587164276894315493125678581763942835672491912438756647951283
007008006020000007038007400002004015006905800540100900004600590300000060700500300 917458236425369187638217459892734615176925843543186972284673591351892764769541328
100009706086307040900050010250708090004020100090105062020070004030504620409600007 143289756586317249972456318251768493864923175397145862625871934738594621419632587
000586000000000000093000460009000800004358200080201050001000500400030008020060090 142586937576943182893712465259674813614358279387291654931827546465139728728465391
000000000309000105001020700500070003706413502400608007007000300000705000803000401 275341869349867125681529734518972643796413582432658917927184356164735298853296471
060001000010060824058490600800314200026809370001627008003048150185070040000100080 264781539719563824358492617897314265426859371531627498673948152185276943942135786
200700308003006100970800060020050603000408000807020040010004035005100900402003006 246719358583246197971835462124957683359468721867321549718694235635182974492573816
109050004008900500020800069000705240800010003074308000680009070001004300300070902 139657824468921537527843169913765248856412793274398615682539471791284356345176982
080090000060037095004001300038904000710000049000508130009700500150240070000050060 387495621261837495594621387638914752715362849942578136429786513156243978873159264
900800015007019002000000009000040091009000200520090000700000000800570300610008004 963827415457319682281456739378642591149785263526193847732964158894571326615238974
200050001910000046603104502000000000070080030000695000004000900000702000500000003 247956381915328746683174592156437829479281635832695417724513968398762154561849273
000703000100904002400000003046000790000000000003000800007090100065070420010060080 652713948138954672479286513246835791781649235593127864327498156865371429914562387
004903200005000600070000050000000000800000002200708001950080024020596080000040000 684953217195274638372861459513429876847615392269738541956387124421596783738142965
780000500000500406090030800002091050000000000050480200007040010306007000009000082 784269531231578496695134827462791358978352164153486279827945613316827945549613782
082090010700000304060508007001000800900050001007000600300709050208000003040010760 482397516795621384163548927621974835934856271857132649316789452278465193549213768
600900437207360100950400080000080371060103020371040000030004095002031706784005003 618952437247368159953417682429586371865173924371249568136724895592831746784695213
