080200400570000100002300000820090005000715000700020041000006700003000018007009050 389251467576948132142367589821694375934715826765823941258136794493572618617489253
600050007030000000080409200015300000008000300000007590009501030000000080200070004 692853147134726859587419263915382476478695321326147598849561732761234985253978614
210950004090060037000700000000000308920000015805000000000002000680010040100047096 217953864598264137346781952761495328924378615835126479479632581682519743153847296
024000650100000007008010900000000000260090083080501070600903008002854700000070000 924738651156249837738615942597382164261497583483561279675923418312854796849176325
000050000000206000064000390045000810000020000000107000053000980090804060100030004 921453678378296145564781392245369817617528439839147256453672981792814563186935724
108500406000070900530004007001060008090408070800050600700100069006080000904006205 178593426462871953539624187341267598695418372827359641753142869216985734984736215
970306042805000109000050000207000304010020080400738001000905000000000000100847003 971386542865472139324159876287591364513624987496738251732965418648213795159847623
040000000086100034001500260000305840000040000058902000095008300160009450000000010 547236981286197534931584267619375842372841695458962173795418326163729458824653719
045900000000710205020003009008301026010000050360805100200100030801057000000009510 645982371983716245127543689598371426712694853364825197259168734831457962476239518
900801005000607000870000069490000057080000020000375000040000070008060900109000603 964821735235697481871534269493286157587149326612375894346912578758463912129758643
000006007007050000054090100090304080003060700010907050006080410000070900900100000 129836547867451239354792168795314682243568791618927354576289413481673925932145876
000000000003702800060354090089000160070645030000000000040000070200506004000010000 924168753513792846867354291489237165172645938356981427641823579298576314735419682
060050030000306000007000400030000060014020790700000001000000000900147005051609870 168754239542396187397812456839471562614523798725968341476285913983147625251639874
103600400590001008000200000809020000207080905000070204000002000600800039005003802 183695427592741368476238591859124673247386915361579284938412756624857139715963842
500000001020600700780005000904001008000908000200500904000300017009006050600000002 596782341421693785783415269964231578357948126218567934842359617179826453635174892
300005007010030590020008000708000000090000010000000902000900040032080070400600001 364195827817432596925768134758219463293846715641357982576921348132584679489673251
600040001030008700009700000003096000906000103000120500000002400002400080400010002 687245931231968745549731268123596874956874123874123596765382419312459687498617352
200010007000207000050000020005020400001549200300708001070804030000000000630000085 293615847416287359857493126965321478781549263342768591179854632528936714634172985
200040003600239008000000000029000530850000016006102900070805060900703001000010000 287541693615239748493678125129486537854397216736152984371825469942763851568914372
869000312020000080070108040030000090700060004001902500000836000400070003000010000 869457312124693785573128946235741698798365124641982537952836471416279853387514269
780000021960050084000000000300609008097080130100030006030806010006201900000000000 783964521962157384451328679325619748697482135148735296539876412876241953214593867
024009030000600974000080020001040000207050809000060700070090000539006000080100290 624719538815623974793584126951847362267351849348962715172498653539276481486135297
600589002030402060000070000000000000102060904006050800800040001010000070750020098 671589342938412765425673189547891623182367954396254817869745231214938576753126498
030000200001970603540002080002000090010090030060000800070800029205039100006000050 639418275821975643547362981752183496418697532963524817174856329285739164396241758
030000080000791000005000700004080500001204300200305008002508600000000000503010809 137452986486791253925836714374189562851264397269375148792548631618923475543617829
090000006006890000203706090100020000054908320000070004020607809000035600300000050 897153246546892173213746598189324765754968321632571984425617839978435612361289457
013090460800000005000040000200000001970010043060705090089403710000000000000678000 513892467894367125726541389235984671978216543461735298689453712347129856152678934
400000007006030200005702900850473026000806000004020300003209800068000590000000000 421598637976134285385762914859473126237816459614925378743259861168347592592681743
490001300060009008007380090080000700036070520002000010010047900800600030009100087 498261375361759248527384691985412763136978524742536819213847956874695132659123487
000000000305904601040010030200000007007163400000207000020801070806000302009000100 198376254375924681642518739231459867987163425564287913423891576816745392759632148
300006085970028030005000900790802000010000090000109048007000600050360072640200009 321496785976528431485731926794852163812643597563179248237985614159364872648217359
570060003030005060601007000053000001000080000900000270000800402080100030200040019 574268193832915764691437528753624981126789345948351276319876452485192637267543819
040000590890500062305002800000001040006090700030600000004700106680004057073000080 742863591891547362365912874928371645516498723437625918254789136689134257173256489
004009300010030050800700009006800020005000700020007900200004007040050060001200500 564189372719632854832745619176893425985426731423517986258364197347951268691278543
000500601000030700000070025300005290020000070058200004810090000009080000602004000 794528631285631749163479825371845296426913578958267314817396452549782163632154987
000709000200080003070204050800000001000501000160070045050000030030000010604090508 581739462249685173376214859825463791497521386163978245958142637732856914614397528
200900000800503000054706002008000009097000420100000300300105890000802003000007005 273914586861523974954786132438251769597638421126479358342165897715892643689347215
005040009420703000003805070000000006040157020100000000060408900000201087200070600 875642139429713568613895274352984716946157823187326495761438952594261387238579641
040137020007809400800040005090703050630000047051000890100070009000080000000906000 549137628267859431813642975498713256632598147751264893126475389974381562385926714
057038000006100207000090000630000001070020060500000034000080000205007400000910370 957238146386154297142796583638549721471823965529671834713482659295367418864915372
600185009000000000590000087800000003000704000054020910080203090460000031007040500 673185249248937165591462387829516473316794852754328916185273694462859731937641528
000000900020041060609005400014507000050080020000106540001600203060750080002000000 147268935325941768689375412214537896756489321938126547871694253463752189592813674
207060008006007300040020017020103000603040501000609030530080060009200100400090803 217365948896417325345928617924153786673842591158679432531784269789236154462591873
031020960000060000600301004960000083000000000000953000405000609080204030020506040 831425967574869312692371854967142583253687491148953276415738629786294135329516748
004000500086000420520000068003000200200178004000306000002010800010000050408205906 134862579986751423527943168763594281295178634841326795352619847619487352478235916
300050007010702090000080000908305102032000640005000300090507030700000006000206000 389154267514762893627983514968345172132879645475621389296517438751438926843296751
000600907000000300704300200040507600060080010001406020003002806006000000102008000 318624957625879341794351268249517683567283419831496725953142876486735192172968534
000102600000050290900006003300600900100030008007008005400500002026040000005203000 573192684684357291912486753358624917169735428247918365431569872726841539895273146
000801000005064100060700080250000403090000070406000012010009020002570900000103000 734851269825964137961732584258617493193248675476395812517489326382576941649123758
900050003000697000000000000007805100020709050300000004200000009006000400409103608 971458263832697541564321987647835192128749356395216874283564719716982435459173628
001000400509030108600801002320000085400506007000000000800403001040000050900010004 281675439579234168634891572326147985498526317715389246862453791147962853953718624
900160200000009508001050906000687002000020000200391000506070800809500000007018004 958164273462739518731852946195687432673425189284391765546273891819546327327918654
000000000940301076800020003009706300081000960200000004000509000090040010005000400 513867249942351876867924153459786321781432965236195784124579638698243517375618492
084520000000007000306908000200600800065000740008005002000106508000200000000089230 984521376512367489376948125249673851165892743738415962427136598893254617651789234
600704005000000000900268001020000090004030200007000600060040050000020000300906004 683714925241359876975268431126487593894635217537192648769841352418523769352976184
306028010100300000040001060800000000200867003000000005030100070000002004050670208 376428519129356847548791362863549721215867493794213685432185976687932154951674238
200090003040807010030060050070305020002406500000000000700000008409000201000102000 218594673546837912937261854674385129392416587185729346721953468459678231863142795
700003801050087090800000000140802000070090010000105029000000006080710040605200007 796423851251687394834951762149862573572394618368175429427539186983716245615248937
009603004010700080400080003000000641005000200164000000600010002050002060300407500 879653124513724986426981753298375641735146298164298375647519832951832467382467519
040000060000635000003000100005409700004702600900000004000204000300010008016000570 548127963291635847763948125625489731134752689987361254859274316372516498416893572
300000020064500000000901604010007300700000001005800090501603000000002810080000002 359746128164528937872931654918267345746395281235814796521683479697452813483179562
000002708700004903020800100000080096000050000830040000003006010906400007502300000 164932758758164923329875164245781396697253481831649275473596812916428537582317649
060040030070090080001000500006102800100000002080304060700000006019060370000010000 965847231372591684841623597596172843134986752287354169728435916419268375653719428
009003000710000000800795300050009800207000906006500070005812009000000042000900600 569143287713286495824795361451679823287431956936528174645812739198367542372954618
100500009054007010000040070070010004003829700600050030020070000030400160500003007 167538429254697318398142675975316284413829756682754931826971543739485162541263897
000800000102040080006200307200160000309000102000029004605002900090050203000004000 957836421132547689486291357248163795379485162561729834615372948794658213823914576
009001300852030070300007000040920003090000040100074020000700002030050498004300700 479281356852436971316597284748925163295613847163874529581749632637152498924368715
200000056800000000040620000502480000100000005000095308000046070000000003470000001 217834956896517234345629187532481769189763425764295318953146872621978543478352691
008300009090000200100080047005094080400000002080560400850030004003000060200008900 648327159597416238132985647725194386416873592389562471851639724973241865264758913
910600803080003076300000000090030001000507000600040030000000007570300040203006018 917624853482953176356871294795238461134567982628149735869415327571382649243796518
012000000503000006060041020900000070050824090030000008090570040100000903000000580 812765439543298716769341825981653274657824391234917658398576142175482963426139587
000000009014500060706400000000005040609308107070600000000007508080004320100000000 358276419914583762726419835831795246649328157275641983462137598587964321193852674
010084092004000800503000000000090050000706000070030000000000109008000700190370080 617584392924613875583927641362891457859746213471235968735468129248159736196372584
070000020003000700100805009050030010002000400400060002004607500000010000010254060 578943126943126785126875349859432617762581493431769852284697531695318274317254968
000620030082005090530000060007098000100000003000140900050000019070200640010079000 791624835682315497534987261367598124149762583825143976258436719973251648416879352
000403100370090000600070009000000415009000700842000000100050002000060081006201000 958423176371698254624175839763982415519346728842517963137859642295764381486231597
200090004040608020009407100010030050090060010605000908054000690000203000000000000 261395874743618529589427163417839256892564317635172948354781692976253481128946735
000802300400000050007000129090405001001000500600903040534000700010000002002304000 159872364426139857387546129893425671241768593675913248534291786918657432762384915
080000700030670048605000200000080070040509080050020000008000401760094020001000090 984312756132675948675948213216483579347569182859721634598237461763194825421856397
003108500060000020000020000630000054082000960005000300906734102800050009000906000 243168597168579423597423816639817254782345961415692378956734182874251639321986745
003000100208050903060000050700000005006301400380000019000030000030907080609020501 453289167218756943967413852791648325526391478384572619842135796135967284679824531
800060004071000650060080070000509000003000700056000410200806001009000200000192000 892765134471923658365481972124579863983614725756238419247856391519347286638192547
302109508000803000000020000007406200400000009000985000030000050078000120009502800 362149578794853612851627493917436285485271369623985741236718954578394126149562837
004000900090000030201000507800000004002641700007000100040508070003207600700000001 374825916598176432261934587816759324932641758457382169649518273183297645725463891
000620941080400000400057000027000003004000500300000270000590007000004060976082000 735628941682419735419357682527861493894273516361945278143596827258734169976182354
000300700060009084001002000018004030300000007090200140000100400520800090009006000 452368719763519284981742365218974536345681927697253148836195472524837691179426853
050600200002800003700015090006000017005000900320000400040920006100006500007008040 954637281612894753738215694896542317475163928321789465543921876189476532267358149
098006000500070108001300040049000050000090000030000920010007400902010005000600280 398146572564972138721385649249731856856294317137568924615827493982413765473659281
000401000003000900061000240007090400050000010008703500080030060100000003500020004 925481376473652981861379245217596438359248617648713529784935162192864753536127894
000400605006090030014080000240900703000000000907006024000040350060010800405002000 879423615526197438314685297248951763631274589957836124192748356763519842485362971
090000040500206003000070000002307600700000002064010730900000007001708300400020001 297183546548296173316574928152347689739865412864912735985431267621758394473629851
010030087806005040070100603002300000000050000000009400705001030060200705120040090 514632987836975142279184653642318579987456321351729468795861234468293715123547896
064020080001060000900700001000600009300401007100002000200006004000010700080050610 764123985521968473938745261842637159356491827179582346213876594695214738487359612
038401270040030060000000000005080400290000038480090051070000080020050040000749000 938461275741235869652978314165387492297514638483692751574123986329856147816749523
700000009000509000002146500000000000097000850004802900009000400800324005205080306 751238649463579281982146573628795134197463852534812967379651428816324795245987316
009005010003004005050100608000807200000000000001302000107003080200600900080500400 469785312813264795752139648634817259528946173971352864197423586245678931386591427
000040000008910400090608030007206840830000012049107600010805060005061300000020000 361742985578913426492658137157236849836594712249187653913875264725461398684329571
038000720004873900000000000302608104000000000045902830000000000070104080050020090 938465721214873965567291348392658174186347259745912836423589617679134582851726493
304801607000375000000000000050904030600080001038000790000030000080609040006000900 324891657961375482875462319157924836649783521238156794492537168783619245516248973
080926004509008000000000003006010000070409080000080100600000000000200601900361070 387926514549138762261547893826713945173459286495682137614875329738294651952361478
900080000034050000008600005007039006010000040200460800600008400000070130000010009 965783214134952687728641395847139526516827943293465871671398452459276138382514769
600403107000000000500900430060008070002090300070100020028009005000000000401802003 689423157234751869517986432165238974842597316973164528328619745796345281451872693
400709003070305060020010070010834050000000000600000008500080001038106520100503007 485769213971325864326418975219834756847651392653972148594287631738146529162593487
039000510000010000006907200400000002000000000057801430000604000310000067090000020 739462518542318679186957243461539782823746195957821436278694351314285967695173824
109308002080705040000000008320000015000010000650000094400000000070106020800904607 149368572286795341537421968328649715794512836651873294463257189975186423812934657
800000007090072300003005000010000004509748201300000050000200100006180070900000005 824936517195872346673415892712593684569748231348621759437259168256184973981367425
003000400000080000006712500400000001300000006062000940790204085020108070000070000 283569417517483269946712538479326851358941726162857943791234685625198374834675192
000000460000670809026080003085097000000030000000860210900040380803019000047000000 798253461354671829126984573285197634671432958439865217912746385863519742547328196
390800041106000002000120070000040705003795400507080000030018000900000803820003057 392876541176534982458129376689342715213795468547681239735218694961457823824963157
009006070802901000000003052638000010000000000040000386520300000000502608080100700 359426871872951463164873952638745219291638547745219386526387194417592638983164725
400000006005368100170000053000634000000000000060597040000000000029010460010405080 438751926295368174176249853952634718347182695861597342784926531529813467613475289
900800000750000000081690000073046005002000600500970420000018270000000064000002001 924837156756124398381695742173246985492583617568971423635418279217359864849762531
000008906060000000980004572009001730500070009043900100876100093000000060304600000 235718946467259381981364572629581734518473629743926158876145293192837465354692817
048070120000602000000090000000040000309000402060000070001709300400503007530060019 948375126153682794726194853875246931319857462264931578681729345492513687537468219
709020000030906000200040003170000500090705080006000024900070002000201090000050406 769823145534916278281547963178462539492735681356198724913674852645281397827359416
500070003000000700012049500008907000105000908000102600004510390001000000600090005 596871423843625719712349586468957231125463978379182654284516397951734862637298145
500000006000201000001680200090107840002000300046302070003028900000509000900000003 527943186689271435431685297395167842712854369846392571163728954274539618958416723
060495020000020000000603000600907008050080030008060500500000007107802405030000010 861495723349728156275613984613957248754281639928364571582146397197832465436579812
004000390120000000003042806000053089000201000310860000701620900000000038045000200 654187392128936475973542816462753189587291643319864527731628954296415738845379261
400000008090030040806201507005000700000305000200080009000070000024000170508000902 452697318197538246836241597685129734749365821213784659361972485924856173578413962
010000060006010500509000207002409700000060000080000040000907000400000009071040680 217594863836712594549638217162459738794863125385271946623987451458126379971345682
900070008000109000000080000000207000830000057700608009095000170417000893002000500 961375428248169735573482961159237684836914257724658319695843172417526893382791546
803000604009283700000060000701000206400000007000509000004030900000601000020000060 873915624649283715512467389751348296498126537236579841164732958385691472927854163
000600010080520079000340208000002090200000005010400000703065000690037040020004000 952678314384521679167349258438752196279186435516493827743265981691837542825914763
000307000310000074000429000030000010901605302000090000003000200400000006600258001 894317625312586974567429183736842519981675342245193867153764298428931756679258431
800006407000900000200083000103208060006050800090607203000430001000002000604100002 819526437367941528245783196153298764726354819498617253582439671971862345634175982
000210500010000030000305740031060050050000070080090120068902000070000080002031000 347216598815749236629385741231467859954128673786593124468972315173654982592831467
300800005020900040006014300009000083002000500530000400007340600060009070100007009 341872965725963841986514327619425783472138596538796412297341658863259174154687239
000045020700190000040000900004320600093000780006071400008000040000017009030460000 389745126762193854541286973174328695293654781856971432618539247425817369937462518
000407000052000800100080030306190070007000900010058306070040009005000160000906000 893427615752631894164589732326194578587263941419758326671345289945872163238916457
200006000307050000000709050073060080800000006090080570040308000000070803000100002 259836417387451629461729358573964281824517936196283574742398165915672843638145792
290005006008001309016009720362000000000060000000000962075100240601800500900500081 293745816748621359516389724362918475459267138187453962875196243621834597934572681
600020009004908700200000003016802370400107008000050000020000040008000900109304507 687423159534918762291576483916842375452137698873659214325791846748265931169384527
400300058250400310080100000000000673000060000764000000000004080013005064840001005 471326958259478316386159427198542673532967841764813592625734189913285764847691235
020701060050090070800453001090805040080000010400000003018070420205000706000000000 329781564154692378876453291791835642583264917462917853918376425235149786647528139
000570006430000007006000204000001800010080040008200000901000700300000015700019000 129574386435628197876193254643951872217386549598247631961435728384762915752819463
000080060860500400004000705008700000009801200000003100902000600007006052030070000 725184963863597421194632785218769534349851276576423198952348617487916352631275849
003102600000400018000060002000600021200070006390001000700090000530004000001307400 473182695962435718185769342857643921214978536396521874748296153539814267621357489
050010002000402100009300400806000003100000008700000209008003700002501000900060020 457618932683492157219357486826749513194235678735186249548923761362571894971864325
050000200403000006006005001030006090007020500010800060500600400900000603004000010 158369247423187956796245381835476192647921538219853764571638429982514673364792815
006000700000709000008103900400000002800205001603000405040010060100000004002604100 916458723234769518578123946451376892897245631623981475745812369169537284382694157
001573090900800000000091007604000073708000501390000602400360000000002004030149700 241573896976824135853691427614258973728936541395417682487365219169782354532149768
005000800400000001710000053000000000000264000300805006008010400520407019100506008 235791864486352971719648253867139542951264387342875196678913425523487619194526738
000002043008004200200607090007300060040090030050008400010809004009400700460200000 571982643698134275234657198987341562142596837356728419715869324829413756463275981
000701060840000070007040300300904007001080600400607001008030200060000084020805000 235791468849326175617548392386914527751283649492657831178439256563172984924865713
010028073080007000000000800000003190090040050032800000009000000000500020670180030 514928673983617245267354819458763192796241358132895467329476581841539726675182934
002008007000000080050690032083000064005806100260000890570069040020000000600100300 932458617416237589857691432183925764795846123264713895578369241321584976649172358
300206007090407080001508900000709000030000060020000090900000002150060073004050600 348296157295417386671538924816749235439125768527683491963871542152964873784352619
006947100030000090001000700000020000070050030302000408000504000169000584003010900 856947123437261895291385746985423617674158239312679458728594361169732584543816972
041000000060500041000091006009702080007000900030908600800270000390004050000000860 741623598963587241528491376619732485487165923235948617854276139396814752172359864
006000100150000086400000007070090020300608001010207030930020015004509800000000000 796385142153472986428961357875193624342658791619247538937826415264519873581734269
000974000017000840000000000203107904000235000000000000700306001640010082030050070 862974135517623849394581267283167954479235618156498723728346591645719382931852476
002040006600000500040005007050800703700306001306007020800100030001000009400070200 582743196637981542149265387954812763728396451316457928875129634261534879493678215
040209010100000008000541000900030004020010060000607000003104700410000093000020000 746289315152376948839541627961832574327415869584697132293154786415768293678923451
090407060507000908000903000300040005700208004080000020065000730000030000140000056 298457163537612948614983572326741895759268314481395627865124739972536481143879256
095000810010306050030000020000892000000145000002000500000000000003020700079000460 695274813217386954438951627751892346386145279942637581524769138163428795879513462
090507030800306002000010000000050000004000300020603080003000900002408100501000806 196527438845396712237814695318759264654281379729643581483165927962478153571932846
420076000800009020001020060060000500910000043003000080080090300050400009000560078 429176835876359124531824967268743591915682743743915682184297356657438219392561478
603007000000910060018200000701000500530000047004000906000001350020089000000300608 653847192472913865918256734761492583539168247284735916847621359326589471195374628
020601040009000800001278300004020600700000002000435000200000009007060200400000008 328691745679354821541278396984127653735986412162435987256843179817569234493712568
004080000080730240020600003000000670810000025052000000500007080068015030000060900 394182567685739241127654893439521678816973425752846319543297186968415732271368954
074009001050610000130000000200001008001050200400200005000000079000084030300500480 874329651952617843136845927265471398781953264493268715648132579529784136317596482
080200040620000093009060200000103007003000400100807000008090500960000028040002030 385279641624518793719364285496123857873956412152847369238691574967435128541782936
000400070300001200057068300086000002003040700900000140001670820002800001030005000 618423975349751268257968314486197532123546789975382146591674823762839451834215697
400201006076000230001070500590000042200090005030000010000926000960000027000000000 459231876876459231321678594598167342217394685634582719743926158965813427182745963
004895100000070000800000003450000012007000800090020040000702000700503009600000001 364895127912376458875241963456938712237154896198627345589712634741563289623489571
000603000003209400000040000031000290450000071020000060240000089000050000600407002 574613928163289457982745613831576294456928371729134865245361789397852146618497532
000050080470300050000471000001000530906000804048000700000265000090003028060090000 213956487479328156685471293721684539956732814348519762834265971597143628162897345
000010650005007000090084000903000040040000090080000102000670080000200300076030000 734912658815367924692584731963128547241756893587493162329671485158249376476835219
010000000008170009009500720000090360070206080046080000024009600600027100000000070 517942836268173549439568721852491367971236485346785912724819653685327194193654278
060004900040260017700900000600040350090302070053080001000001005510026030006500080 165734928349268517782915643678149352491352876253687491837491265514826739926573184
050801060000040000003902400005000300410607092030000070040000080002406100000090000 254871963196345728873962415725189346418637592639524871547213689982456137361798254
003000700010070080000304000208000601000506000090203070000000000040090050906000102 563128794412975386789364215258749631371586429694213578825431967147692853936857142
000060000000407000060531090620904018070000060850010034010000070005000600706000502 947862153531497826268531497623954718174328965859716234412685379385279641796143582
400009000600010004085000960000430008007050300500092000012000650700020001000600002 423769185679518234185243967961437528247856319538192476812974653796325841354681792
008000500020805090000106000705000203060070080000903000510307028002050300030000010 148729536627835194359146872795418263463572981281963457514397628872651349936284715
050016000010002095008400700560000100300070004009000053006004200290800040000260080 754916832613782495928453761562349178381675924479128653836594217297831546145267389
000090001005000060140280300009870020700000003030029100003067015050000600900030000 872396451395714862146285397619873524724651983538429176483967215257148639961532748
003000090580700030020800000000547008004000200800912000000003010060005084070000300 643251897581794632927836541239547168714368259856912473498623715362175984175489326
809401607007096500062000010005304000000050000000608700090000170001740300706103905 859431627147296583362875419275314896618957234934628751493562178581749362726183945
080060070200405009000803000600000008390248017000906000002090100006000400900000003 583169274261475839749823561624731958395248617817956342432597186176382495958614723
000800500085300020900007010003060085000905000650070400010700003070009650004003000 137892546485316729962547318723461985841935267659278431216754893378129654594683172
020000760000200103000816000874003900000000000009100857000345000903002000065000020 521439768486257193397816245874563912152798436639124857218345679943672581765981324
000435000200701003006208100001020700700000004050000010010000020072050430800302005 187435296295761843346298157631524789729183564458679312513947628972856431864312975
006001400090580000102074000000000013403000908610000000000320804000018050005600200 576231489394586127182974635958462713423157968617893542761325894249718356835649271
007000090400000180000205470500062700000030000006950008085301000091000007030000500 867413295452679183319285476543862719978134652126957348785321964291546837634798521
000005010000603008000000540080700090309504801060008050034000000600401000050900000 946285317715643928823179546582716493379524861461398752134852679697431285258967134
020000060050901070001000400190804025000030000047000310008000700000040000010702080 729453861456981273831267459193874625582136947647529318268315794975648132314792586
070003000020400875040180000900030520003902700086070003000061090162009050000300060 879253641321496875645187239917638524453912786286574913538761492162849357794325168
053000640060708030100050002000060000700000004030804070006010700000609000005080100 853921647962748531147356982584267319729135864631894275496513728218679453375482196
601050004030940260000000000000503607500020008307406000000000000089065070100030502 691352784735948261842671359928513647564729138317486925453297816289165473176834592
500090003070060020039752680003000200200000004040000060000010000804605302007000900 526891473178364529439752681783146295261589734945237168652913847894675312317428956
010000000200060704000071230700000640009050100051000008073410000804090001000000060 917243586235968714486571239728139645649857123351624978573416892864792351192385467
004005000010900340080002009705080020000203000090050801300500090076009010000300700 964135278217968345583472169735681924841293657692754831328517496476829513159346782
205700001000201900060009003071000038000000000350000620600400080004802000500007104 295743861843261975167589243471926538926358417358174629639415782714892356582637194
020003000001985002000040060780000020043000670090000045010030000300496200000700090 425673189671985432839142567786514923543829671192367845914238756357496218268751394
002007000860529000100006020000000159200000004619000000050100008000645013000700400 542317896867529341193486527784263159235971684619854732456132978978645213321798465
000060043013000600706400000005620001000705000600094500000002907002000360390010000 589261743413578629726439185945623871231785496678194532864352917152947368397816254
600057039278090050000400070500000700360000091002000005020005000050040916480610007 641257839278391654935468172594126783367584291812739465126975348753842916489613527
000805476804000000020600000001007004300000005700900100000003020000000801278104000 139825476864739512527641389681357294392418765745962138416583927953276841278194653
620010075001605400000307000080000040700000006003050900200060001004000800000201000 628914375371685429945327618582796143719843256463152987297468531134579862856231794
006030000000810600070400003000060240460705089092040000500001090007082000000090800 146239758359817624278456913815963247463725189792148536584671392937582461621394875
002014000000307000004600201490000320200030008078000015806009700000206000000850100 682914573519327486734685291491568327265731948378492615856149732143276859927853164
700040001604000908003000600000219000500000009030000060100806004008705200070000050 795648321614352978283971645846219537527463189931587462152836794468795213379124856
000020000008501600000406000080060090200070005000802000120090086040000070509000203 651927348498531627732486951385164792214379865967852134123795486846213579579648213
240093000700000000003500010008007051100305006960800700010009300000000005000150064 241693578759218643683574219328967451174325896965841732516489327492736185837152964
900400006001026300040000020010060005030704090500010030020000040004190700700003002 972435816851926374643871529417369285238754691596218437125687943364192758789543162
000965000003104600090000010080307050100000004009010200008000500700090002000248000 412965738573184629896732415684327951127859364359416287248671593761593842935248176
060040210000600004005000600400008790009000500021900006007000300800003000093010040 968745213372681954145329678436158792789462531521937486617894325854273169293516847
020008600005006007900700010610907500000080000009405061030002008200500100001800030 127398645345216897986754213612937584453681729879425361734162958298543176561879432
000000000706308905004675800097030650058902710000000000009000100000103000010060080 581294376726318945934675821297831654658942713143756298469587132875123469312469587
400128005050004080001900400740000609200000007109000024004007100080600040300492008 493128765652734981871965432748213659265849317139576824524387196987651243316492578
100060003038509410000000000000000000400901007065000390200000004570000086000408000 152864973638579412947123865791635248423981657865247391289716534574392186316458729
180000053002060400500000007600000002008906300201308605000050000400000009005734100 186497253372865491549213867634571982758926314291348675823159746417682539965734128
000275008080000040200008009000000870600507003097000000300600005010000090500893000 941275638785936241236418759453169872628547913197382564379621485812754396564893127
080020070000000000706105403900302006400070001013050290040000060200408005000030000 584623179321749658796185423978312546452976831613854297847591362239468715165237984
800000006050000030001402700406030201010000060070010090080601070000308000700905002 847153926652789134931462758496537281318294567275816493584621379129378645763945812
700501008030070050020968030000315000900000003001020600009050400070000080410000097 794531268836472951125968734267315849958647123341829675689753412572194386413286597
058000970030209060010030020000857000040901030001000700000070000023000510400010002 258146973734289165916735824362857491547961238891324756185672349623498517479513682
010004600000000109006070800960020000100000003000050026008010500701000000004900060 819234657372568149546179832967823415125496783483751926698312574731645298254987361
000000000040901020900352001003070400170000096805000207010407050000283000000000000 521748639347961528986352741263179485174825396895634217612497853759283164438516972
700020008000504000002000700070108090205000601400000007009000800160090035000356000 743621958918574263652983714376148592285739641491265387539417826167892435824356179
306090000010500000050760090900100430062000780037009006020048010000007020000010603 376291548219584367854763291985176432162435789437829156723648915691357824548912673
086090230007508400000000000004000800020070050500000003000050000905804102260000048 486197235397528416152643789734965821628371954519482673841256397975834162263719548
004500070720006040009000203030080002000205000200010080402000800010900025050001900 184532679723196548569478213936784152841265397275319486492657831618943725357821964
000218000420090015000000000632000184900060002050802060305000408001924500000000000 579218643423697815816435297632759184948361752157842369395176428781924536264583971
280000014000000000605000903010080090090406030006030200300805009960040027000209000 289753614137694852645128973713582496892416735456937281324875169968341527571269348
300540070006270010400000000060300500200090003004002090000000002070025400090086001 328541976956278314417963285769314528285697143134852697641739852873125469592486731
004700300003000987000900001060594000090000060000326090700009000825000100009007500 914768352653412987278935641367594218592871463481326795736159824825643179149287536
020000080305000104700060009401000803600103005000070000030706010000000000900428006 126934587395287164748561239471652893689143725253879641532796418864315972917428356
008030010600070200010200003000804700450000096002507000300002080006040001090080400 528436917643179258719258643931864725457321896862597134374612589286945371195783462
508200704120000000000030200380400600000010000009003057005040000000000078604007305 598261734123794586746538219381475692257619843469823157875342961932156478614987325
301000400500860020000005006000906042000000000490302000600500000040089003005000609 361297458574863921928145736853976142216458397497312865689531274742689513135724689
069001570000070600400000020000010207082000910701060000070000003006050000094800150 369421578528379641417685329943518267682743915751962834175296483836154792294837156
900000200015706000400300705008600000640000051000003900801009004000107580004000009 937854216215796348486321795798615423643972851152483967821539674369147582574268139
012069007605000000700803100000700010304000506090006000007301008000000701200970630 812569347635417982749823165526734819374198526198256473967341258453682791281975634
540000019000040000210000037402905108700804003000060000006000700020000080004281300 547328619693147825218659437462935178759814263831762594186593742325476981974281356
000201070900070000002309400607000305050010020809000601005103700000090002030508000 346251978981674253572389416617842395453916827829735641295163784168497532734528169
003406200100000005000103000010060020600275009205040603000000000002000700004592100 783456291126987345549123867417369528638275419295841673861734952952618734374592186
002058000300000070607900200430000000500010002000000084004005309010000008000120700 142758963359246871687931245436582197578419632921367584264875319715693428893124756
060004000000200090204970000008400705040020080107006200000093607080002000000700050 965134872873265491214978536328419765546327189197586243451893627789652314632741958
018020350000106000004000900380000067900804001000070000000308000005702100030010090 618927354593146782724583916381259467976834521452671839149368275865792143237415698
051726380000304000043000670000901000009060500720000061060000010002103800007000200 951726384276384159843519672638951427419267538725438961364892715592173846187645293
000068001600300090002405030090000006003010200400000070040506700070009002300270000 934768521657321894182495637791842356563917248428653179249586713875139462316274985
600000003030000090090040020020307050000080000500020006402106305300205008900000002 674952813235718694198643527829367451746581239513429786482196375361275948957834162
100064020020000600000000904200130050010000090030086007602000000001000080080740003 197364825423598671856271934269137458718425396534986217672813549341659782985742163
200010008300685002006000500000090000700106005020703060057000980600070004030409050 245917638379685142816342579561894723783126495924753861457231986692578314138469257
098000620600000008000090000000010000000309000201050907046000270020104050300705004 198547623654231798732698415973812546465379182281456937546983271827164359319725864
008000200904502701000308000000486000700010004000020000309000508640000012001000600 568174239934562781217398465192486357756913824483725196329641578645837912871259643
000000000380000076060318020000000000003607400409000103050040030008000600000020000 542769318381452976967318524625134897813697452479285163756841239298573641134926785
000943000000807000500000003006030100050701030004508600020106040041000780800000002 612943578493857261578612493786234159259761834134598627327186945941325786865479312
300020005000050000060000020006090100210000049050000080004000900600408007007901300 378126495942853671561749823786594132213687549459312786134275968695438217827961354
021003800040000012800004003506080000000409000000010705700200008260000070004800230 621593847943678512875124963516782394387459126492316785739241658268935471154867239
000347000030000080001000900800402005200090006040050020004000200060809070080704050 928347561435961782671285934816472395257193846349658127794536218562819473183724659
047020000010036047006700503020000700750000086009000010502003100470250030000090250 347529861215836947986741523123684795754912386869375412592463178471258639638197254
001805400050000030086301750000060000010020060600904005540000071108000604002000500 371895426954276138286341759895167342413528967627934815549683271138752694762419583
030060900006900070000300864900006007403000608100700009317002000020007300008030050 734268915856914273291375864985426137473591628162783549317852496529647381648139752
005006080200030500080005001603010000020604010000070609400800020007020006030900400 975146283261738594384295761643519872729684315518372649496853127857421936132967458
905004100000600000034090020000009050190080046050400000080060390000008000007900805 975234168218657439634891527846179253192583746753426981481765392529318674367942815
703500009005300700012000365000106042000000000240907000567000230004003500100005406 783564129695321784412798365379156842856432917241987653567849231924613578138275496
001000400060804020900000003500030001010000030036000580000607000200050006080090040 821963457365874129974125863598432671712586934436719582153647298249358716687291345
070000080000002000950700200060001002120905076500200030002007091000100000040000060 276413589318592647954768213467381952123945876589276134832657491695134728741829365
075010300000020001300007090410200000003000600000006012040800005500060000007090430 275918364894623571361457298416279853923185647758346912649831725532764189187592436
007520060800076000000000001050207006780000023200905010300000000000650007070048900 417523869892176345536894271153287496789461523264935718325719684948652137671348952
850090014000060000004000900230000078000040000000803000010408060008000700340607021 853792614971364285624581937235916478187245396496873152712438569568129743349657821
003761008800000000000004150089000000061408320000000780028600000000000007500983600 453761298812539476697824153389172564761458329245396781128647935936215847574983612
000508000300000004010040060000090000709050601050604020040000090507080406091403280 476528913382916574915347862264791358739852641158634729843265197527189436691473285
200790004003201000000008090069000047100000009570000630010800000000506900600047003 281795364493261785756438291869352147132674859574189632915823476347516928628947513
003102000050300207100009300060000000008924100000000080009700001305008090000203500 683172945954386217127549368561837429738924156492651783249765831375418692816293574
270060038900403006004107900009501600000040000003000800010000090007000500000736000 271965438985423716364187925829571643156348279743692851618254397437819562592736184
201060005030500010005213908008000230306000104042000700507186400010005020800040501 281469375439578612765213948178654239356927184942831756527186493614395827893742561
000010020430200090000807000004502910300000002018306400000703000040009058020050000 865914327437265891192837546674582913359471682218396475581743269743629158926158734
008010300500000008070000010007102900002070500080503060600708009800030006005020800 498615372531247698276389415357162984962874531184593267643758129829431756715926843
080090100000108305170000000010204030400070008020306090000000043308502000007030050 583697124964128375172453689719284536436975218825316497251769843398542761647831952
700000003000103000800957006070000080000060000683000245010605030005802700900000004 792486153546123978831957426279534681154268397683719245417695832365842719928371564
090126070070040030001000600600597008100000007007000500000762000080000040700000009 893126475276845931541379682624597318158634297937218564419762853382951746765483129
004105200000000000900823004040000060030218070708000503000501000000000000025000940 384165297162479835957823614249357168536218479718694523693541782471982356825736941
000093002060000870000500010450008000001000900000200084080005000035000020900620000 518793642369142875742586319457918263821364957693257184286435791135879426974621538
006132800008000500000080000009305400270409018301000605060090050500020006003000900 456132879128947563937586241689315427275469318341278695862793154594821736713654982
006384100023906740000000000000000000409703802070401050054030210000549000000000000 796384125523916748841275639235698471419753862678421953954837216162549387387162594
000050200200000300000302081306090070900010006070080403630408000005000008008060000 813659247254871369769342581386594172942713856571286493637428915495137628128965734
000900305000700940009040800400100000601020503000006004005030100043001000908005000 124968375856713942379542861432159687681427593597386214765834129243691758918275436
050070090040205070300401005000903000009000100704000908020604010008000200000010000 652378491841295673397461825185943762269857134734126958923684517518739246476512389
007000400001402300800090002760040053039000840000903000006231700200080001000000000 327815469691472385845396172762148953139527846458963217586231794274689531913754628
030000020001000900080962040360501074010030090000804000000040000005209300806000402 934158726621473985587962143368591274412736598759824631273645819145289367896317452
000204000004105800050697030320060084005000600010000050002070100078000540000000000 637284915294135867851697432329561784785943621416728359542876193978312546163459278
020040050907100402800003000009800003008010200200007800000600004702004108080030090 621948357937165482845273961479826513358419276216357849593681724762594138184732695
009800204400000060003090000200080400900615002006040009000060800010000003804003100 179856234458237961623194578231789456947615382586342719392561847715428693864973125
420005006000008709080120000740050900008702600005090078000089060504200000800500017 423975186651438729987126345746851932398742651215693478172389564564217893839564217
063000970040080060100090004000020000030174090200000006006000700080503040300040009 863452971942781563175396824594628317638174295217935486456219738789563142321847659
000070800100503090006000035050007000027080460000400010610000200030804001005010000 593671824182543796746928135451367982927185463368492517614739258239854671875216349
100007000000309608030620000600000080700163002050000007000081040802904000000500001 168457239245319678937628415621795384784163592359842167576281943812934756493576821
702010405050040020004000600570000061000000000000807000400103006900070008806504203 792618435651349827384725619578432961263951784149867352427183596935276148816594273
020070008000000430000504002800000029090237060760000004900803000036000000100020070 624371598581962437379584612813456729495237861762198354957813246236749185148625973
200090004469000327000060000026000410008105600500000009002609700010000090090050040 285397164469518327173264958726983415948175632531426879352649781814732596697851243
000000000000020000830000016040705060080306040590000073003804100024000950100000004 765418392419623785832579416341785269287396541596241873953864127624137958178952634
700008000000007840000900023001700680002010300037002900680003000079800000000200008 793428561126357849548961723951734682862519374437682915684193257279845136315276498
000605200026300090500009030604000023000000000910000807080500009050003140001207000 397645281126378495548129736674981523832756914915432867283514679759863142461297358
009702100800000006102000905000346000000070000604000203700080004006904700000000000 469752138857193426132468975295346817381275649674819253723681594516934782948527361
000010800070640030300005000009050020540302019080090400000700002060031040003020000 956213874871649235324875961139456728547382619682197453415768392268931547793524186
000050000000802000000109000900060001507000908180000032030605080760000019800904006 391756824674832195258149673923568741547321968186497532439615287765283419812974356
030408020605701809410602035007000900200000008060000010100000007070843050002000600 739458126625731849418692735847215963291364578563987412184526397976843251352179684
000309000050060080407000603235000416000040000070010020000000000706080305008704200 861329754953467182427851693235978416189246537674513928342695871796182345518734269
000010704000000020467200090100020040020105060050070003040002975030000000509040000 382916754915784326467253198193628547724135869658479213841362975236597481579841632
000080460000040080840500002102700000080106050000008107500003029090070000023010000 259387461371642985846591372132754698987136254465928137518463729694275813723819546
003000000580070090600042501900000050000634000010000008207180003060090014000000700 423951687581376492679842531934718256852634179716529348247185963365297814198463725
020000050037000920008602400009000800840000097010509040900020004000368000000704000 621943758437851926598672413269417835845236197713589642976125384154368279382794561
070060230800020007106300900000040800410902063009030000002005401700010006051090020 975861234843529617126374985237146859418952763569738142392685471784213596651497328
007000000100300060050060403002008009700604005800500700905010020080003007000000900 637842591194357862258961473542178639719634285863529714975416328486293157321785946
004000500010705020000824000060000070042000130005060200009030700000040000107000809 724613598618795423593824617361482975842579136975361284459138762286947351137256849
600000009000309000080162070000804000030000080070090010405000307068040190000020000 651478239742359861983162574129834756534617982876295413415986327268743195397521648
007000600040020050150000079400000005085000360310207098068000940000604000000080000 827519634649723851153468279492836715785941362316257498568172943231694587974385126
003509200028000690004000500000090000000704000090302070150000086080000040406000905 673589214528431697914627538741895362362714859895362471159243786287956143436178925
300000709100700030050060108090208400000000000001906020406090010070002004908000005 384125769169784532752369148697238451235471986841956327426597813573812694918643275
000007900300000000051009026000058307080000090407190000170600240000000001008200000 824567913396812475751349826912458367685723194437196582179635248263984751548271639
705000106200030007301050208007000600000102000100604005500000002060000010000469000 795248136286931457341756298427395681658172349139684725574813962963527814812469573
700230096603007000000085010027000003506000901800000750060850000000700609370096005 718234596653917248294685317127549863546378921839162754961853472485721639372496185
000000143001023600900600070010800300009000400008005010020006001004230700167000000 652789143741523689983614572416892357539167428278345916325476891894231765167958234
030100400020000035900700000000401502000000000408506000000008004680000010004009070 537182469821964735946735128369471582152893647478526391793618254685247913214359876
407602108000708000001090700180000076306000209002000800600203005000804000700000003 497632158265718394831495762184329576356187249972546831619273485523864917748951623
300060002000050000004301800002903600010605080070000020700040006006000200520000018 351867942897254163264391875482973651913625784675418329738142596146589237529736418
080670000000002007006500800010204305200000004504806020001003500900700000000048090 482671953395482617176539842817294365269357184534816729641923578928765431753148296
000000006060570000209304700007000038300457009510000400001605204000082050900000000 745821396163579842289364715497216538328457169516938427831695274674182953952743681
050700130000090000047610009094006005000030000100900280400051890000060000039008050 952784136613592478847613529394826715728135964165947283476351892581269347239478651
600500007008076000005098610093000006061000890400000130036740500000830400800005001 624513987918476253375298614593182746761354892482967135136749528257831469849625371
009120460008006500000000000020700190900000002074009050000000000003500600057014800 539128467748936521612457983326745198985361742174289356461893275893572614257614839
050200900000098005910006000005700006260080091300009200000900072100830000006005080 854271963672398415913546728495712836267483591381659247538964172129837654746125389
040000780300090005105007900006302000050000020000609300004100503500070004067000010 649235781372891645185467932716352498953784126428619357894126573531978264267543819
670900000000760004209000000081040700960000081002080350000000206100027000000006078 674913825358762194219458637581349762963275481742681359837594216196827543425136978
080300500007489600000000000030010705205000108709050030000000000002691400004002050 186327549527489613493165872638214795245973168719856234971548326352691487864732951
003706100000000000160000024000010000009000300010805040031408250050000090206109803 423796185895241637167583924384917562579624318612835749931478256758362491246159873
010000063027000009000080200502600000000704000000003105008020000200000970360000010 815942763427361859693587241532618497189754326746293185978125634251436978364879512
006703800070600005000080009030000907005030200908000050300020000600001070001804600 596713824874692135123485769432568917765139248918247356347926581689351472251874693
000060010003005600000203098670000000500134006000000049790801000005300100010020000 247968315983715624156243798674589231529134876831672549792851463465397182318426957
082500000000603009000024003024000031001040900690000480400960000100205000000001670 382579146745613829916824753824796531571348962693152487438967215167285394259431678
007900800080700050405000301000080032000305000850010000906000405030008010008006700 327951864681734259495862371149687532762345198853219647976123485234578916518496723
006400280580090070400000006000305007060000020700601000800000004010030052095004100 976413285581296473423578916149325867368947521752681349837152694614839752295764138
053090400000000032000304007005200046100000003490003200700105000560000000004030650 253791468947658132618324597385219746172546983496873215739165824561482379824937651
509600000010003000030500104000000049300070005280000000601005030000400010000006408 529641783416783592738529164167352849394178625285964371641895237852437916973216458
400813005370000012000000000000000000203901806049000150760020084000080000900735001 426813795378596412591247638617458923253971846849362157765129384132684579984735261
016000370050000020000601000580000012061050780200080005008000200300020009000507000 816295374953478621724631598589763412461952783237184965648319257375826149192547836
000800200040900000620003040000040130002000900037090000050400023000006050008001000 173864295845972316629513748986245137512637984437198562751489623394726851268351479
704293000350001000000000070000400209070000060809006000040000000000600095000172803 784293651352761984916854372563487219471329568829516437148935726237648195695172843
030821050000000000100305004300000007040107090900204008000040000004050600070603020 439821756785496312126375984361589247842167593957234168613942875294758631578613429
400200008030500270060080000000906015007000600310802000000020090089001050700008006 475239168138564279962187534824976315597413682316852947643725891289641753751398426
300160000076020000510000000000270905009806400208054000000000019000040830000091002 382165794976428351514739268641273985759816423238954176423587619195642837867391542
000700100080060230210080000030006001007108400900500060000040017073050020005007000 356792148789461235214385976438926751567138492921574863892643517173859624645217389
090004030600000001008530900100603400006000100005408006004095700500000003070300010 791264835653789241248531967187653429436972158925418376364195782512847693879326514
000040000402106809050000010000907000600438002007000600070090020006000500200504007 168749235432156879759823416325967184691438752847215693574691328986372541213584967
005000700010000040000597000008403200000000000040981030800234009004000100030000050 325148796917362845486597312598473261173625984642981537851234679764859123239716458
000006078580701000003400000009100007040509020100003900000007500000805014710300000 491256378586731249273498651359182467648579123127643985864917532932865714715324896
394007000070000030206000009900208400080605010001709005400000107060000090000900354 394527681178496532256381749935218476782645913641739825429853167563174298817962354
041000520000000000002401900409050307000000000700080002200090005908705203004020800 341978526897562134652431978489256317125347689736189452213894765968715243574623891
080320000000000007620070400010003500902000104006900070004080069500000000000097040 487326951193854627625179483718243596952768134346915872274581369569432718831697245
010008003004000268600000100020004006090605030300800090009000007865000300700500040 217468953954713268683952174528394716491675832376821495149236587865147329732589641
007906200000070000020508090300000005600315004002000800010000080030020070090807040 587946213963271458421538796349782165678315924152469837714693582835124679296857341
026190047700500000000060029000280490000000000091076000910040000000005008530017960 826193547749528631153764829375281496684359172291476385918642753467935218532817964
005800000009067500080000076020080003040795060900030050210000030003140900000006100 765823419139467528482519376521684793348795261976231854214978635653142987897356142
000003874003000001700090005000420000045000180000038000400080002100000400982600000 529163874863745921714892365398421756245976183671538249457389612136257498982614537
009502030650000090002006001007025000100000005000380900700200300090000024020403500 419572836658134792372896451987625143136947285245381967764259318593718624821463579
000109000000070000009532100890000041002000600067080520004000900028090370000827000 236149857541678239789532164895263741312754698467981523674315982128496375953827416
900050001070102040005060200000405000040809060000010000008000700600030004003207100 924358671876192543135764289362475918541829367789613452218946735697531824453287196
700609005049000280200000001000203000060090030002168500007040600800050003000010000 781629345649531287253784961495273816168495732372168594917342658824956173536817429
004006300059003060300008057142000000000030000000000645520400001090300420008200500 874526319259173864316948257142659738685734192937812645523467981791385426468291573
040000080100304005200509007002000700000000000080251060701040809400020003020000070 945762381176384295238519647592436718614978532387251964751643829469827153823195476
000407000060205040010000020040609050003000200100000009200080005950000082004090100 529437618368215947417968523842679351693851274175324869231786495956143782784592136
700050096000006000020000705000004003307105609900800000809000030000400000630010007 783251496195746328426389715258694173347125689961873542819567234572438961634912857
060000570005000809000206001000900008006000700400002000700603000308000900054000030 163498572245137869879256341537964218926381754481572693792613485318745926654829137
000907000030518040500030009020674030040000070010000080700000003100000004050209060 461927358239518746578436219825674931943851672617392485796145823182763594354289167
209500000040021000030604100900000500708050401001000008003106070000270010000005604 219583746645721893837694152964812537728359461351467928583146279496278315172935684
003040800008060700050302010002000500070000090600403008010256030000030000000908000 263741859148569723957382614382697541471825396695413278819256437726134985534978162
502960000036000000000000062005700640700408009049006100120000000000000780000097201 572963814436821957918574362285719643761438529349256178127385496693142785854697231
300080007908000301010000050003204700000308000009705100780000035106050804000000000 365481297948527361217639458653214789471398526829765143782146935136952874594873612
630080091200009506015000700060070000100608002000010060006000320701300005340050017 634587291278149536915263748863472159159638472427915863586791324791324685342856917
000105000009060300650000097000807000003000800400209003730506024500000001002000600 327195468149768352658342197915837246273654819486219573731586924564923781892471635
013000750000638000020000040002701900700203001900050007305000104008000300000304000 613429758457638219829175643582741936764293581931856427375982164148567392296314875
600007000890002700100040090000006010009501300030400000050010003004800051000600004 642957138893162745175348296587236419469571382231489567956714823724893651318625974
030090010800600004007003500004908070900070003060201800002300900300009002010050060 235497618891625734647183529154938276928576143763241895572364981386719452419852367
504010600100500007090030508000200806000000000305009000703090080400005003001080409 574918632138526947296437518917243856862751394345869721723694185489175263651382479
090370060000804003030029500009000200700080009002000400001430020600207000070098040 498375162526814973137629584369741258714582639852963417981436725643257891275198346
002000008050908070096007500003100009080000060500006400007600140020304080600000900 472513698351968274896427513763142859284759361519836427937685142125394786648271935
300105009005604100040090060000000000809000405600902008000000000407010806506000704 368175249975624183142398567734851692829736415651942378283467951497513826516289734
006000300000602000502000107020000070100408002007905600001369400003050200000000000 916547328738612954542893167425136879169478532387925641271369485893754216654281793
190502078200000009004801500010000060300020007000905000500070006067000830800000005 193542678258637419674891523415783962389426157726915384541378296967254831832169745
090041000008002401050800000600200000903000608000007003000003010809500300000170060 297341586368752491154869732671238954923415678485697123746983215819526347532174869
000908000000702000905000701000601000709804106040000030406103908800000002003000600 172958463364712589985346721538671294729834156641295837456123978817569342293487615
000400200000079300469052000700920008010000030600031002000280715007590000005007000 873416259521879346469352871734925168912648537658731492396284715187593624245167983
080000010002000600014070350006905200001080500800604003240000091000109000000050000 687532914532491687914876352376915248421783569859624173245368791763149825198257436
800004072005000004003908000000093001000010000200580000000209600100000200540100007 816354972925761384473928156658493721794612538231587469387249615169875243542136897
060000020104000605520000074200509007050030060080602010030050080000816000000403000 369745128174298635528361974216589347957134862483672519632957481745816293891423756
000050047000080609070006000003000064401000708280000500000200050602040000350090000 826951347135784629974326185593178264461532798287469531749213856612845973358697412
000005400000000091058940300700594000001070600000613007005036720630000000009400000 917365482346827591258941376763594218591278634824613957485136729632789145179452863
500000004400109002802000701600000009040000070079000520004756300000248000000030000 561327984437189652892465731628573419145692873379814526214756398953248167786931245
900000000034800500000030070208007010160203094070400602010090000006008250000000003 951726438734819526682534179248967315165283794379451682513692847496378251827145963
006087400040002050700040003360000000509070604000000025100090006090700040007430100 236587419941362857785149263362954781519278634478613925124895376693721548857436192
004800000030004060000130004060507901001080700702906040900071000040600090000009400 274865319135794268689132574863547921491283756752916843928471635347658192516329487
008007000000000490040302087025098000070503020000270650730401060082000000000800900 258947316367185492941362587125698734476513829893274651739451268682739145514826973
000821000007406100000050000500000004010000030000205000009080400073000810120709056 965821743287436195341957682596318274712694538834275961659183427473562819128749356
090000600006502000010600520007000030005901400020000700054008070000705300001000090 592417683786532149413689527147256938835971462629843751354198276968725314271364895
750090036400503007100000008000000000203407509040050070300060005004802600020000080 752198436468523197139746258975631842213487569846259371381964725594872613627315984
009000360000209070704030001600092700000604000005370006900010503030405000058000100 529781364316249875784536291643192758871654932295378416962817543137425689458963127
000090010015836000900000700280003000000208000000900062003000007000642980040050000 462795318715836294938421756284563179196278435357914862623189547571642983849357621
000901000000000000503000209020000060056010820308040705000238000000090000062000370 247981536689523147513467289124875963756319824398642715475238691831796452962154378
600020008032006940090500010050907800800000005003805060080004050065300170300050009 617429538532186947498573216154967823876231495923845761789614352265398174341752689
200704009040000070080000040000173000300040001000809000460030058008090600003010200 235764819941382576687951342896173425372546981514829763469237158128495637753618294
000010000006759400010020050900070004602000805050000030700060003800000009095000610 578413296236759481419826357983572164642391875157684932721968543864135729395247618
031050960900030007000709000009080300040106080000000000370000098080070030400823006 731258964968431527254769813629587341543196782817342659372615498186974235495823176
010020600000000300703009258000090026000254000140060000328600109001000000009080030 915328647284576391763419258537891426896254713142763985328645179451937862679182534
000000000030841050010000070600020003090000080002108400007000100000215000080603040 425367891739841652816592374648729513193456287572138469357984126964215738281673945
001080005500000006980035070009300420000000000028009600090510083800000002400070900 241786395573942816986135274759361428364827159128459637692514783817693542435278961
005201900000060000410000062000000000041000630003609500002070100070090020006503400 765281943329467851418935762657348219941752638283619574532874196874196325196523487
019000250007010400500206001008030100000508000050090040030000010005104300002080500 619843257327915486584276931968437125741528693253691748436752819895164372172389564
080000030400070002000501000090000010040010080500628003000249000070000020802000401 185462739469873152723591864298354617346917285517628943631249578974185326852736491
108000040070004062000090500306040000000108000000060407004010000510200070020000901 138652749975834162642791538386947215457128396291365487764519823519283674823476951
500040006000080000003706100080905020002168500000000000409000705000000000806030204 578241936621389457943756182384975621792168543165423879439812765257694318816537294
000000930400000008021053000000045003004901500600730000000590340100000006048000000 586417932473269158921853674897645213234981567615732489762598341159374826348126795
700003080040060002000004090860140070400000005020097018070300000600080050080400009 796523184148769532253814697869145273417238965325697418972351846634982751581476329
009000200000903000080060090800090007500000004130507062000846000000000000026309850 619458273745923618283761495862194537597632184134587962351846729978215346426379851
000053096800007000000002100580300010400000008020005043006200000000700002170560000 214853796895617324763492185589324617431976258627185943356249871948731562172568439
050020010107403609000681000000000000601000407048000930500719008009235100000000000 856927314127453689394681752975342861631598427248176935563719248489235176712864593
000106980000800100000004603570000092201000806690000051109600000002003000036709000 324176985967835124815924673578361492241597836693248751159682347782413569436759218
030001000000509003207006008702000005008090100500000306400800709800704000000900060 935281647684579213217346958762138495348695172591427386456813729829764531173952864
420030081300000006078010530007000800000000000130000067500070008009502100001349600 426735981315894726978216534657423819894167352132958467543671298769582143281349675
000700800030059210260100000080907402020000090906402080000004075075890020002001000 541723869837659214269148537183967452724385196956412783618234975475896321392571648
000306010105020600060400020200000108070090060908000007030002080009050402020904000 492386715185729643763415829246537198371298564958641237534172986619853472827964351
400300081000000004198070500900030100000948000006050007005080419700000000380009006 427395681653821794198476523942637158571948362836152947265783419719264835384519276
100603005080050090032090640018000950000405000040060030450000028000000000009000400 194623785786154293532798641618237954973415862245869137451976328867342519329581476
603097004004000009070020000012008090000030000060700410000080060200000800400560207 623897154584316729971425386712648593845139672369752418137284965256973841498561237
000426000000000000002517800590000037100205008040603010700801004020000070009000300 385426791471938652962517843596184237137295468248673519753861924824359176619742385
300700008002031700070082010068000009027000180900000270040810060001650300700003001 315746928682931754479582613168275439527394186934168275243819567891657342756423891
006000100080000040052000960071904530030506080000020000098105320000030000000798000 346259178189673245752841963271984536934516782865327491498165327617432859523798614
300000008020010090890000047000506000002341900080000030001000700008030400000907000 315479628427618395896253147139586274752341986684792531961824753278135469543967812
002035060640010030000200005900752600820304071007168003300001000070080056080620300 792435168645819732138276945913752684826394571457168293369541827271983456584627319
800000007000305000005010200052106340000000000000928000201000604060704010080000050 814692537726385491395417286952176348678543129143928765231859674569734812487261953
620507100090010080501800006000000800070020030009000000300008901080030070007201048 628547193793612584541893726435769812876125439219384657352478961184936275967251348
008090400600030001070000060007402600006010200030000040000278000000000000405901807 318796452652834971974125368897452613546317289231689745163278594789543126425961837
000000000750409032000635000000000000009020800005301900180000075070864090093050280 634782159758419632921635748217948563349526817865371924186293475572864391493157286
000901300004803000900020010340000097001000500590000068010090005000408600007506000 728941356164853729935627814346185297871269543592374168613792485259438671487516932
008000100304000706020010040000000000400532001000987000672000419009106500050000020 968374152314295786725618943287461395496532871531987264672853419849126537153749628
670300804008009020050000006003500070020090060010007300900000040080200600201006083 679312854438659721152784936893561472724893165516427398965138247387245619241976583
006040500800060001700201003008000700910000068000080000005070300600030007003409800 126843579839765421754291683348126795917354268562987134495678312681532947273419856
800406005000090000090030010248000536061000940000060000004279100020000060500000009 817426395352198674496735812248917536761352948935864721684279153129583467573641289
020001700000360905570090000800000030039000250050000009000020041301045000007800090 923581764418367925576294318862159437139478256754632189695723841381945672247816593
250010007000200005008460900000000170905000206076000000004058700600001000500040062 259813647463297815718465923842536179935174286176982534324658791697321458581749362
800070009026108730000402000000000000073080650000060000008736500704000301060000080 815673429426198735937452816689245173273981654541367298198736542754829361362514987
000907000006805100200000005100402009040030060008106700700000002003000500000598000 315967248476825193289341675167482359542739861938156724754613982893274516621598437
010050070002897100709000408000000000980040037000102000400000006030000080026070310 813456972642897153759321468265739841981645237374182695498513726137264589526978314
000000950000180040002400001420008605090000020508900017600001700010043000057000000 184627953375189246962435871421378695796514328538962417643251789819743562257896134
800200040000008025001000907000800032000943000340005000506000300190600000030009001 879251643463798125251364987915876432627943518348125796586412379192637854734589261
000050006120630090000000417000000064030908070290000000948000000070094081500080000 789451326124637895365829417857213964431968572296745138948172653673594281512386749
960000038000000000001070500800307009000618000310090075090060040627000951000000000 965142738784539216231876594842357169579618423316294875198765342627483951453921687
000804000900000003002376900480201035025030890300000002006000300000000000013080450 631894527974125683852376914489261735125437896367958142246519378598743261713682459
000142009001000300080300050012700003070000060300005720060007040008000900700453000 537142689291586374684379152812764593975238461346915728163897245458621937729453816
460000039003000500905806204000000000600923001004105900340000098000000000009302100 467251839823749516915836274591674382678923451234185967342517698156498723789362145
706003098500960000000047001908000060051000820060000509800650000000089006620300905 716523498584961372293847651978235164351496827462178539849652713135789246627314985
000000000040207030960040071000090000003802600480060012008070400150000029000609000 837916245541287936962345871625194387713852694489763512298571463156438729374629158
000018200100000060096700080750080000200904006000050079020007910070000003005490000 537618294182549367496732581759186432213974856648253179824367915971825643365491728
005070400600000001020050090400602005002105800050080060070908010504000908000000000 195376482643829751728451396487692135962135847351784269276948513514263978839517624
000302700002090000050060320000081030804000601020540000063070080000030400007804000 689312745342795816751468329975681234834927651126543978463179582518236497297854163
000043010209051000000800070380000700670000041001000056050004000000120405020630000 867243519249751638513869274385416792672598341491372856756984123938127465124635987
090050004040900061001400000000006400300714008008300000000005600620009040700040010 296851734847923561531467289912586473365714928478392156184235697623179845759648312
800200300569001000002600000700190040090000010010026009000005600000700524007002008 841259367569371482372684195725193846698547213413826759284935671936718524157462938
700005302030007850580000000910060000000531000000070063000000031059200070304700009 791685342432197856586324917913462785678531294245879163827956431159243678364718529
004718300000203000000405000008000900060000020500080001050642080600109004900000003 294718356175263498836495712318526947469371825527984631753642189682139574941857263
070000200000003001100682000093807400002040500007205690000376005200900000001000030 378514269625793841149682357593867412862149573417235698984376125236951784751428936
500000004019000680000308000700806003000192000000050000002000500060030020053204890 587629314319475682246318975791846253635192748824753169472981536968537421153264897
401027006900000200000005304070250000000806000000039060802500000006000002500970601 451327896963148275287695314678254139349816527125739468892561743716483952534972681
005090006800000709000060580040001203000306000308900060084020000503000004200070800 715298346862435719439167582946781253127356498358942167684523971573819624291674835
905008001030001070000600004750206900000000000004109056300004000020800060400300105 945728631836941572172653894751236948693485217284179356318564729529817463467392185
000000100020010360316087400001070000042109670000040900003290546064050030005000000 479326158528914367316587492931675824842139675657842913783291546164758239295463781
001000600000846000040070090060000010890104025005702400000080000310000056400605003 781259634923846571546371892264538719897164325135792468652983147318427956479615283
907600420000710090030800500000400900050000030001003000005009080010076000093008106 987635421546712893132894567368457912459261738721983645675129384814376259293548176
005600070000003106001080040900035800000908000003140009040090600509300000020006700 285614973794523186631789542976235814412968357853147269147892635569371428328456791
000198000000504000100020009003000800200000004045000360060759030070861090900000001 526198743789534126134627589693475812217386954845912367461759238372861495958243671
409000100000900604000000030200010309104308206807020001020000000905004000001000803 489263157573981624612745938256417389194358276837629541328176495965834712741592863
000605000200000008003201500006000300009000100720030084902000407000050000057090260 198645732245379618673281549486917325539428176721536984912863457364752891857194263
003800000704019002000030060075000810000080000089000650010090000900370506000002100 193826475764519382852734961475263819631985724289147653516498237928371546347652198
008000000000250700000004601040000280090706010061000090207800000006043000000000500 328617954614259738975384621743591286892736415561428397237865149156943872489172563
000357000002000300000102000620000087007604100800020003098000630056030290200060001 961357842472896315385142976629513487537684129814729563198275634756431298243968751
009500030643200090000030024000000049004000300510000000280010000030005271050007900 129564837643278195875139624362781549794652318518493762287916453936845271451327986
094010830100300005308700102000000940400080001019000000506009304900006008073040650 794215836162398475358764192287651943435987261619423587526879314941536728873142659
003567900070000030800090004000000000001703600007040300100000009708901405060050070 243567981579184236816392754382619547451723698697845312135476829728931465964258173
560007000700000002009304150100400008000070000400005006074601800200000003000500024 563217489741958362829364157192436578635872941487195236374621895258749613916583724
600007010000146070007000900765000400000000000009000365008000700040875000070300002 682937514953146278417528936765213489834659127129784365398462751241875693576391842
005040000000900400082007905006109070700000003010704600209400750001008000000070300 195243867367985421482617935826139574754826193913754682239461758571398246648572319
080007040704000006002400750900504600000020000005906004098001500500000201010200030 389657142754132896162498753931574628476823915825916374298341567543769281617285439
007020000010000060902800050000006009604902503700400000050007102020000040000030800 867325914513749268942861357231576489684912573795483621458697132329158746176234895
090074300100080026600100800009400060000000000070008900001006004950010002002340090 298674315137589426645132879819453267426791583573268941381926754954817632762345198
803940007050000040000002009007306001300000002400201300700500000080000020100038905 813945267259763148674182539527396481361854792498271356736529814985417623142638975
700400000082900300030078000008090004014050970300010500000180060007006210000007009 796431852182965347435278691578693124614852973329714586243189765957346218861527439
056000010890005043000400006070030400000784000008050090900002000580300029020000860 456973218892165743731428956275639481619784532348251697964812375587346129123597864
000005000605020700701008940000000020000906000030000000046300501009040206000100000 384795162695421783721638945167853429452976318938214657246389571819547236573162894
580300100001050800070009000097000008060000010400000570000400050009020400002003096 586372149921654837374819625297145368865237914413968572738496251659721483142583796
010800000000019006007006280436000700000000000002000348073100600500380000000005030 614872593328519476957436281436298715185743962792651348873124659569387124241965837
050007030000300900309008002000063200003000500006410000100800704002001000070200010 254697138817324956369158472581963247943782561726415893195836724432571689678249315
060128050009403700000000000000506000005709800000812000048000970090000020503904608 467128359289453761351697284832546197615739842974812536148265973796381425523974618
000030000090207030210000048704601305100000004000408000500000002000506000308020106 875134269496287531213965748784691325159372684632458917567813492921546873348729156
006205800800010003051000460085090310040107080000000000030060050070000020008000700 496235871827614593351879462685492317943157286712386945234768159179543628568921734
020000030600000007053000140001809400000305000090702010000090000700000004019030820 127984536684153297953276148371869452246315789895742613562498371738521964419637825
080510000010000039003000200000942005900708004800361000005000600130000050000075020 289513476617284539543697281371942865962758314854361792725139648138426957496875123
