570060003030005060601007000053000001000080000900000270000800402080100030200040019 574268193832915764691437528753624981126789345948351276319876452485192637267543819
000801000005064100060700080250000403090000070406000012010009020002570900000103000 734851269825964137961732584258617493193248675476395812517489326382576941649123758
009003000710000000800795300050009800207000906006500070005812009000000042000900600 569143287713286495824795361451679823287431956936528174645812739198367542372954618
304801607000375000000000000050904030600080001038000790000030000080609040006000900 324891657961375482875462319157924836649783521238156794492537168783619245516248973
900800000750000000081690000073046005002000600500970420000018270000000064000002001 924837156756124398381695742173246985492583617568971423635418279217359864849762531
000600010080520079000340208000002090200000005010400000703065000690037040020004000 952678314384521679167349258438752196279186435516493827743265981691837542825914763
000210500010000030000305740031060050050000070080090120068902000070000080002031000 347216598815749236629385741231467859954128673786593124468972315173654982592831467
006000700000709000008103900400000002800205001603000405040010060100000004002604100 916458723234769518578123946451376892897245631623981475745812369169537284382694157
040209010100000008000541000900030004020010060000607000003104700410000093000020000 746289315152376948839541627961832574327415869584697132293154786415768293678923451
074009001050610000130000000200001008001050200400200005000000079000084030300500480 874329651952617843136845927265471398781953264493268715648132579529784136317596482
000603000003209400000040000031000290450000071020000060240000089000050000600407002 574613928163289457982745613831576294456928371729134865245361789397852146618497532
010000000008170009009500720000090360070206080046080000024009600600027100000000070 517942836268173549439568721852491367971236485346785912724819653685327194193654278
000060000000407000060531090620904018070000060850010034010000070005000600706000502 947862153531497826268531497623954718174328965859716234412685379385279641796143582
180000053002060400500000007600000002008906300201308605000050000400000009005734100 186497253372865491549213867634571982758926314291348675823159746417682539965734128
540000019000040000210000037402905108700804003000060000006000700020000080004281300 547328619693147825218659437462935178759814263831762594186593742325476981974281356
003761008800000000000004150089000000061408320000000780028600000000000007500983600 453761298812539476697824153389172564761458329245396781128647935936215847574983612
000508000300000004010040060000090000709050601050604020040000090507080406091403280 476528913382916574915347862264791358739852641158634729843265197527189436691473285
201060005030500010005213908008000230306000104042000700507186400010005020800040501 281469375439578612765213948178654239356927184942831756527186493614395827893742561
000000000000020000830000016040705060080306040590000073003804100024000950100000004 765418392419623785832579416341785269287396541596241873953864127624137958178952634
000050000000802000000109000900060001507000908180000032030605080760000019800904006 391756824674832195258149673923568741547321968186497532439615287765283419812974356
004000500010705020000824000060000070042000130005060200009030700000040000107000809 724613598618795423593824617361482975842579136975361284459138762286947351137256849
003509200028000690004000500000090000000704000090302070150000086080000040406000905 673589214528431697914627538741895362362714859895362471159243786287956143436178925
000007900300000000051009026000058307080000090407190000170600240000000001008200000 824567913396812475751349826912458367685723194437196582179635248263984751548271639
407602108000708000001090700180000076306000209002000800600203005000804000700000003 497632158265718394831495762184329576356187249972546831619273485523864917748951623
040000780300090005105007900006302000050000020000609300004100503500070004067000010 649235781372891645185467932716352498953784126428619357894126573531978264267543819
300160000076020000510000000000270905009806400208054000000000019000040830000091002 382165794976428351514739268641273985759816423238954176423587619195642837867391542
800004072005000004003908000000093001000010000200580000000209600100000200540100007 816354972925761384473928156658493721794612538231587469387249615169875243542136897
000050047000080609070006000003000064401000708280000500000200050602040000350090000 826951347135784629974326185593178264461532798287469531749213856612845973358697412
200704009040000070080000040000173000300040001000809000460030058008090600003010200 235764819941382576687951342896173425372546981514829763469237158128495637753618294
010020600000000300703009258000090026000254000140060000328600109001000000009080030 915328647284576391763419258537891426896254713142763985328645179451937862679182534
000000930400000008021053000000045003004901500600730000000590340100000006048000000 586417932473269158921853674897645213234981567615732489762598341159374826348126795
009000200000903000080060090800090007500000004130507062000846000000000000026309850 619458273745923618283761495862194537597632184134587962351846729978215346426379851
800000007000305000005010200052106340000000000000928000201000604060704010080000050 814692537726385491395417286952176348678543129143928765231859674569734812487261953
000804000900000003002376900480201035025030890300000002006000300000000000013080450 631894527974125683852376914489261735125437896367958142246519378598743261713682459
000142009001000300080300050012700003070000060300005720060007040008000900700453000 537142689291586374684379152812764593975238461346915728163897245458621937729453816
000043010209051000000800070380000700670000041001000056050004000000120405020630000 867243519249751638513869274385416792672598341491372856756984123938127465124635987
500000004019000680000308000700806003000192000000050000002000500060030020053204890 587629314319475682246318975791846253635192748824753169472981536968537421153264897
000605000200000008003201500006000300009000100720030084902000407000050000057090260 198645732245379618673281549486917325539428176721536984912863457364752891857194263
005040000000900400082007905006109070700000003010704600209400750001008000000070300 195243867367985421482617935826139574754826193913754682239461758571398246648572319
007020000010000060902800050000006009604902503700400000050007102020000040000030800 867325914513749268942861357231576489684912573795483621458697132329158746176234895
903108205400070003000209000600020009005000800109000602240000076000010000000604000 973148265412576983568239147684325719725961834139487652241893576356712498897654321
020000700700100045085030020070005900302070504008300010050010370830004006009000050 421658739763192845985437621176245983392871564548369217254916378837524196619783452
604105809000000000900030005000000000001796300060304080007000600000218000029000510 634175829152869437978432165493581276281796354765324981817953642546218793329647518
020301040810040032700000006306508201002000600001000800007802900000050000000607000 625381749819746532734925186346578291582419673971263854467832915298154367153697428
500020006040070030030905080020301050000000000100000003060040020080000040700602001 518423976649178532237965184426391758873256419195784263961847325382519647754632891
503900802060008010200000004040283006000106000600794080300000008090800070801002903 513947862964328517287615394149283756728156439635794281356479128492831675871562943
000260005030000800000837020001080002083020910200090400010579000007000090600048000 198264735732951846465837129941783652583426917276195483314579268857612394629348571
008027003300000000700040100070900062603000509290006010001080007000000001500260400 158627943342159876769348125874915362613472589295836714921584637486793251537261498
000200000010680070600000003809000010500701008020000507900000006080027030000009000 398274165215683479647915283879352614564791328123846597952138746486527931731469852
004020800000803000608000109001309600000742000740060082009506300000000000500000008 934621857175893246628457139251389674896742513743165982489576321367218495512934768
500308006040060010020000090407000805000000000600594002000000000700246001060050080 579318426843962517126475398497123865352687149681594732215839674738246951964751283
053020190800000002006070500040801020000000000500090001080204030000000000004319600 453628197871945362296173548647851923918732456532496871185264739369587214724319685
060710000290040000410005000000003608003000500809200000000100043000050089000032050 365718924297346815418925367124593678673481592859267431586179243732654189941832756
745030968002000300060000070900708002000060000070000090051204730400080009007000800 745132968182976345369845271936758412214369587578421693851294736423687159697513824
080006100600700009000004005008060020010327090060050700400100000900008001001600030 289536147645712389137984265798461523514327896362859714426173958953248671871695432
800070003000000000026308490000709000007102300201030504005020700040000050702000901 814975623379264815526318497438759162657142389291836574985421736143697258762583941
048000760200000004050104080009040600000217000000000000005706100300000009070809020 148392765297685314653174982729548631536217498814963257985726143362451879471839526
000109600800200700006003040408000205900000001301000904030400800009005002004802000 745189623813264759296753148468931275927548361351627984532416897689375412174892536
031800409000000070640090003002000050800010006070000900700080032050000000309006140 531827469928463571647195283162938754895714326473652918714589632256341897389276145
600000008002607100010803020000142000070000050000080000096000510008000600230060089 659214378382697145417853926563142897874936251921785463796328514148579632235461789
007000100000040000042596370006308900050020080038050460000000000090030050800000004 567283149389741526142596378426378915951624783738159462213465897694837251875912634
040060070301009005007003640072000000400050003000000250024600500800400902030020080 945862371361749825287513649572386194498251763613974258124698537856437912739125486
060019000780003500320800000000120000030000060000094000000008051006700082000650040 564219837781463529329875416847126395932587164615394278273948651456731982198652743
409000002080010670060800003000501700070080050004602000800003060045090020200000408 419367582583219674762845913928531746376984251154672839897423165645198327231756498
000004009000020500600807310007060054000000000260070900025901007006040000800500000 582314679713629548649857312937268154458193726261475983325981467196742835874536291
800604009200309007000050000020106040014000320090000010042805160083000590000000000 875614239261389457439257681527136948614798325398542716942875163783461592156923874
020673010400000002001000900100000006000147000008000300060000090004030700200705003 925673814476891532831524967192358476653147289748269351367482195514936728289715643
900845007080000030000206000600304008000050000300080001509000204230090056000000000 963845127482917635157236849621374598874159362395682471519763284238491756746528913
705402806090506030400000005000000000000348000900000001600801003001020400002704100 735492816198576234426183975264915387517348692983267541649851723371629458852734169
600800205070600080400009000004503092000000000960204300000300001090005020705008003 639841275571632489428759136814573692352986714967214358286397541193465827745128963
039000460604809305200030007001000500000000000080010020500201003006397800000000000 839175462674829315215436987461782539752963148983514726598241673126397854347658291
000901060000000003156080900604017300000000000007360408001090854200000000090104000 483971562972546183156283947624817395839425671517369428361792854245638719798154236
570000048800500602060003000007305020000090000080204500000600090103008006620000083 571926348839547612264183957417365829352891764986274531748632195193458276625719483
003000001084760900900000040000002030009601700050900000070000002006027480800000600 563249871184765923927318546648572139239681754751934268475896312396127485812453697
500000002080206040060903010100508004000070000670000059008030500000000000010405090 591847632387216945462953718129568374854379126673124859948732561235691487716485293
000000000620090051905000706076000130200987005000010000500000004040000060060503080 714625893623798451985431726876254139231987645459316278597862314348179562162543987
500080009000107000200000004004000800050000030007501900402603508800000006003802400 531284769948167253276395184324976815159428637687531942492613578815749326763852491
500861002040000070010402090001000900032080740000903000008706500000000000090000020 579861432246359178813472695481627953932185746765943281328796514157234869694518327
090050070076304850000000000000231000003506900000000000009070600150000084680000092 491658273276394851835127469968231547713546928524789136349872615152963784687415392
070001600002000701390060040700050000003406500000090003060010075208000300007800020 874231659652984731391567248746153982983426517125798463469312875218675394537849126
003000700000000000490070038200090001908000503076000840000908000100000006007305900 563481792781239465492576138245893671918647523376152849634918257159724386827365914
009821600000000000068000490003102900090487010400000006300905001080000050000030000 749821635235694178168573492853162947692487513471359826326945781987216354514738269
608000304001000900730000015800060009007080400000207000080106070200030008015000290 698715324521348967734692815852461739167983452943257681489126573276539148315874296
400060120000000004000290080986340002000000000100028359010079000500000000063050001 498763125627581934351294687986345712235917846174628359812479563549136278763852491
401000803000000000003060200028903760500000009090000080000030000900608001002509400 461297853279385614853461297128943765536872149794156382615734928947628531382519476
000296000800000006000578000900080005102000804000103000060000010390000078084000950 413296587857341296629578341936784125172965834548123769765839412391452678284617953
000020000040070090007503200014000750700000003360000014075000630800906001000000000 539624187246871395187593246914368752752419863368257914475182639823946571691735428
020900060470000251060002000004106003000050000700409800000200030615000027030001080 521974368479638251368512794294186573186357942753429816847265139615893427932741685
002305700018602003070000008000000070406000105050000000200000060700903540005201800 642385719918672453573194628839516274426739185157428936294857361781963542365241897
710000084230005076006000200060428000000109000000573060007000800620300057350000091 715692384234815976986734215561428739873169542492573168147956823629381457358247691
321000904040800037600000001000134060000208000030576000400000006780005010203000458 321657984945812637678943521892134765567298143134576892459381276786425319213769458
300007004020500730004600500000004109000000000908100000009002300043008020200400008 365217894821549736794683512652374189417895263938126475589762341143958627276431958
045000170900000006008000500017309450000050000604207803000174000000000000090020060 345682179972541386168793524817369452239458617654217893526174938781936245493825761
009003008800000005034000900300010400008754300007020001005000280900000006400100500 269573148871492635534861927352618479198754362647329851715936284983245716426187593
400805006190304072000207000076000390500609008000000000003050800000701000004000100 427815936198364572365297481876142395542639718931578264713456829259781643684923157
603080009000100000004037208008000090206050703030000800307520600000004000100060405 613482579782195364954637218578243196296851743431976852347529681865314927129768435
009000800100030006003080400000000000000865000008914300234000189010000030070103050 429651873187432596653789412541327968392865741768914325234576189915248637876193254
053000600026005700900000051040050007230090065600040020460000002008200570002000890 753124689126985743984736251841652937237891465695347128469578312318269574572413896
500407009020050080004000100000000000970000043200801007000020000409000201800903005 586417329123659784794382156638794512971265843245831967357126498469578231812943675
000000380308021000207098000000040010080000060090070000000930608000210904054000000 519467382348521796267398541725643819483159267691872435172934658836215974954786123
307020609040000010000000000000359000004000300703408205030000080000207000800105002 317824659245693718968571423621359874584762391793418265132946587459287136876135942
090020030050831060200000007400000005008060200020000090060392010070000020000080000 196724538754831962283956147419273685538469271627518493865392714371645829942187356
980000062500309001000000000170000034000701000305000807092000450000060000400907008 987145362564329781213678549179582634648731295325496817792813456851264973436957128
300928007002105600007000900208000301610000075000000000000804000003000400520090038 356928147492175683187346952248567391619483275735219864971834526863752419524691738
006400090148050670090008041009000005020000080500000700980700060034080159050004800 376412598148953672295678341869327415427561983513849726981735264734286159652194837
080100207060000053000050000030007008004000500900200040000060000450000080701008020 583194267169872453247356891632547918874619532915283746328965174456721389791438625
024080300090014052100000008040000000870030045000000020400000001580370060001040970 724985316398614752156723498945862137872139645613457829437296581589371264261548973
006508007300060098000000000000020401104805709609040000000000000450080003700401500 296518347375264198841973256587629431124835769639147825918352674452786913763491582
002040700007050900100000002300000006070030040000516000000000000930000021024801390 892643715467152938153987462381794256675238149249516873716329584938475621524861397
030870000004020001002004780007000002360000049400000300051300600600080400000069010 136875924784923561592614783917436852368752149425198376251347698679281435843569217
000000000004326100070504080010702050040803070008090300800000002002000500090050010 631987425584326197279514683316742859945863271728195364857631942162479538493258716
008000700000809000400306005100000009902000507076000310001208900200701003007050200 368145792715829436429376185143587629982613547576492318651238974294761853837954261
507000206200601009000050000000807000000000000190000074061090530004203600009000700 547938216283671459916452387432817965678549123195326874861794532754283691329165748
000208000002010400010053020705000006029000310300000504060920040004030900000807000 457268139832719465916453827745381296629574318381692574168925743574136982293847651
000090000070010020001204700080501060000732000004000300800000003090623010700000005 542897136978316524631254789387541962169732458254968371816475293495623817723189645
040208000300010900100030084419000000003000500000000241560020007007050008000407050 645298713378614925192735684419572836823146579756389241564823197237951468981467352
008000470203060000100900068000206500060090020002301000720004009000070802085000700 698512473273468915154937268937246581861795324542381697726854139419673852385129746
050080090040010070009405100280000047005060200000000000000000000008306900300509001 152687493643912875879435162286193547435768219791254638927841356518376924364529781
000830400015000070800005020002010007900487002500020600040200006050000230009063000 297831465415692873836745129382516947961487352574329618143258796658974231729163584
010002400000007000050860100801000003002070800700000506005018030000600000008300020 917532468486197352253864197841956273562473819739281546625718934394625781178349625
302605007000001900060007004824103005000000000900804372700500040001700000500408709 392645817457281936168397254824173695673952481915864372789526143241739568536418729
000090800007001300953008720096000000300000004000000970074100539009500100008020000 162793845847251396953468721796814253385972614421635978274186539639547182518329467
000009600200150800090800041900700004000000000800002009410007050003024008002900000 178249635246153897395876241931768524627495183854312769419687352763524918582931476
003000800900000005020050060080706020000030000000189000068204590040060080090803070 453697812916428735827351964185746329679532148234189657368274591741965283592813476
030200040002001070600000000043190006900040003500063890000000001070800500050009080 739256148482931675615487932843192756967548213521763894298375461376814529154629387
208000109000000000430000056009000600000973000004050200002708900700040008000201000 258367149916584732437129856389412675625973481174856293562738914791645328843291567
000090000560000043080030050006050300000164000900000001000605000053000810040371020 324596178569718243187432659416957382832164597975823461291685734753249816648371925
200030004000000000407000103960040031304000205020000040180703052700604008000201000 219536874638417529457928163965842731374169285821375946186793452792654318543281697
200500018004030200090200700000000074000793000560000000008004020009010600370006001 236547918784139256195268743923685174841793562567421839618974325459312687372856491
000801000900003100080092600500060401041000790807010005005130040008900003000206000 376841952952673184184592637539768421641325798827419365295137846768954213413286579
800030074200607000000900000020080610700109008048060020000005000000806005350010007 896231574234657981571948236925784613763129458148563729687395142412876395359412867
070500000900004300400300895000000503000498000702000000263007001007200009000005070 378529164956814327421376895819762543635498712742153986263987451587241639194635278
020705040300000002060000050040050020000010000000647000000000000038060710510372096 921735648385496172467128359746853921853219467192647583679581234238964715514372896
700000002000452000060708090007000900054080120001000700000605000040801060300040005 715963482893452671462718593637124958954387126281596734128675349549831267376249815
090000060064090730000806000001050900700000005080030020076080450108060203000503000 597324168864195732213876549631752984729648315485931627376289451158467293942513876
000070850800005000500820000020010700304508901005090060000054006000100008039080000 243671859891345672567829143926413785374568921185792364718954236652137498439286517
209000108000200000400809007004306280000050000065402300900104003000003000503000704 239765148857241936416839527794316285382957461165482379978124653641573892523698714
500012004004308000000400060920000370600090002075000091050001000000809600200540009 586912734794368125132475968928154376641793582375286491859631247417829653263547819
052030000461002000000400006080100700340000081006007040200001000000200157000070830 852736419461592378739418526985124763347965281126387945273851694698243157514679832
502100003080200050000040009000503074004060100390401000900010000020006010800004207 542189763689237451731645829168523974274968135395471682957812346423796518816354297
000000000007406300000709000070601090006000200403285107700010008108000702020000040 359128476287456319641739825872641593516397284493285167764512938138964752925873641
090408010400267008006000500040000080005891700000000000100020006003109800020000090 392458617451267938876913542647532189235891764918674253189325476763149825524786391
092700000350080000600030070009000850000215000023000700080040006000020087000001290 192754638357689124648132579419376852876215943523498761285947316961523487734861295
024000830070402060000907000203804106009000400000503000040050090000206000100000008 924165837371482569568937214253894176789621453416573982642358791897216345135749628
602000301100000002930802074003000200091000480000349000000405000000103000006000100 682754391174936852935812674743581269591627483268349715317465928829173546456298137
060018007700506001000000300090405000020080050000903060009000000500109008800760040 462318597783596421915247386698475132324681759157923864279854613546139278831762945
048000210060000030000905000400090008006000700700000004274603195005070600000109000 548367219169248537327915846452791368896534721731826954274683195915472683683159472
903008040700000000500390600000400003008020700200007000009065004000000007060800901 913678542786254319542391678675489123438126795291537486129765834854913267367842951
040907010000205000070080030850000021090000050060109040706801503000090000400000007 642937815983215674175684239854376921391428756267159348726841593518793462439562187
007000300090000040004601900000000000070203050800060002006050700001000400000937000 267495318198372546354681927512748639679213854843569172926154783731826495485937261
000000000709010803003080500006000200000456000050907060400000009030000070008000300 584693712769215843213784596946138257827456931351927468475362189132849675698571324
000000000201000603700108004050080030004507200000090000480030052000472000000809000 846923517291745683735168924957284136364517298128396475489631752513472869672859341
600920003003008000000043020028000004309000602700000950060210000000300500400096008 684925173273168495591743826128659734359471682746832951865217349912384567437596218
190200035300017809080000000020070001010602050700050080000000090903480002640009073 194268735362517849587394126425873961819642357736951284251736498973485612648129573
007000496100070000000009080004702010010396070070105600050900000000060002468000900 587213496149678253326459781694782315215396874873145629752934168931867542468521937
000206000050080060010030090080000070002405900403000102000501000900000007065000840 349256781257189364816734295581392476672415938493678152738541629924863517165927843
800010600601300004030009001708026030003000100020930806400700010300001705007090008 892415673671382954534679281748126539963854127125937846459768312386241795217593468
070000080300257009006000700065010820000000000021986350080124090040000030000000000 574691283318257649296438715965713824837542961421986357783124596649875132152369478
008001000090780010000350008100000720029000650037000009200013000080027090000500300 658491237394782516712356948165839724829174653437265189246913875583627491971548362
400000006000519000000000000000106000901040803500080002204000601090070030050861090 415738926632519487879624315328156749961247853547983162284395671196472538753861294
000502000000497000005000300012709560600801003057060910009000100003000700000315000 981532647236497851475186329312749568694851273857263914549678132163924785728315496
000005000050070040183000007064300018000000000970008650200000174010090080000500000 427935861659871342183264597564329718831756429972148653295683174316497285748512936
408000703607000104090701080000205000031000260800070005000692000000507000900000002 418956723657328194392741586749265831531489267826173945173692458284537619965814372
000401000009876100050090060840010029092040570000000000004080700026000490000000000 768451932239876145451293867843715629692348571175629384314982756526137498987564213
950000028100020006000000000065000340020603050300050002006587900009010800400030005 957364128143829576682175493765298341821643759394751682216587934539412867478936215
570000063006010400000000000900070005060905030020060080480000052002000800057204310 571849263236517498849632571914378625768925134325461987483196752192753846657284319
000030000030701080400000005100050007300607002000000000640305071005904600080060040 961538724532741986478296315126853497394617852857429163649385271215974638783162549
001050200007900000800007096006104020400070009080605400340800005000009300005060900 931456278267981543854327196596134827413278659782695431349812765678549312125763984
090650002060082040000007608083020500000000000002090810408500000010740050500039080 894653172167982345235417698983124567641875923752396814428561739319748256576239481
000000200000200073020007541009810000150090086000075400347900020260003000001000000 734159268516248973928637541479816352153492786682375419347961825265783194891524637
000000000705000902000924000040090050003070800018000420001809200000060000070050010 492785136785613942136924785647298351253471869918536427561849273324167598879352614
001802400200040006000030000800020004020709080500000009006090500000306000004050600 691872453235941876748635291819523764423769185567418329376294518152386947984157632
700000006630080049904000708000206000090514060000000000800607004050831020000040000 781459236635782149924163758548276913397514862162398475813627594459831627276945381
000000000010508090400671008500020001000000000302080407004010800005000300730090016 873249165216538794459671238547923681681754923392186457964315872125867349738492516
006241050800500200050000007600020083500803004480090002700000090008009006060782300 376241859849567231251938647697124583512873964483695172725316498138459726964782315
000000000087000650004070300040563080908040106030010040060080070870000091003050400 396425817287391654514876329741563982958247136632918745469182573875634291123759468
800000009500040008004905600009000300230000086000060000000050000068401720007803100 816732549593146278724985631689214357231579486475368912142657893368491725957823164
500006004000498600000300280006000008070000010200000300037004000009813000800700006 583126974721498653964375281416937528375682419298541367137264895659813742842759136
400620509039000000020000840080102900007040100002309080045000090000000460803054001 418623579539487216726591843384162957697845132152379684245716398971238465863954721
507090603300000008060704050802000301009000700000302000000040000200050004000218000 527891643394526178168734259852479361439165782671382495715943826283657914946218537
009000800000258000600030007900605002400010005100070009060000010003000500004103200 359467821741258963682931457978645132426319785135872649267594318813726594594183276
906000501503000904080070020300906005600432007800050006005803100000000000400000002 926348571573261984184579623347986215651432897892157436765823149239614758418795362
690000018000050000010804060960507042200030009140000036000302000020000070006000300 694723518832651497517894263963517842278436159145289736751362984329148675486975321
640020097000080000800000003700603002428070639060000050200000001000952000007000900 645321897913784265872569413759643182428175639361298754296837541184952376537416928
000060000670000034500000009010503020098010570000000000400030002800409005900801003 134962857679185234582347169716593428398214576245678391451736982863429715927851643
010070004000500000860003050001008720080307040073600800050400078000006000900080010 315879264492561387867243159641958723289317546573624891156432978728196435934785612
120080043000020000006905700200506001000000000603000904400000005002040300000109000 129687543735421698846935712274596831981374256653812974497263185512748369368159427
460500203038040095900030080000000001053000820800000000010020004780050910309004058 461598273238746195975231486697382541153467829842915367516829734784653912329174658
000001500004050000601007820907040000040908030000060904079200105000010300008700000 793821546284356719651497823937142658546978231812563974379284165425619387168735492
050040200010708000400056008300000980000090000042000006700830005000504030004060070 859143267613728594427956318376415982185692743942387156761839425298574631534261879
604000907000000000302000501503000208000070000000365000030784050010020030006030700 654213987198457623372698541563149278941872365827365419239784156715926834486531792
000000490090032010000006008520000700030804020008000046200100000040290060085000000 162758493897432615453916278524361789639874521718529346276183954341295867985647132
000000000000509000940000053020304090800000005304801206500000004030702080280040069 753468912162539847948217653625374198871926435394851276519683724436792581287145369
700000600650204080040100000000073500200090001007410000000005060060301052005000003 723859614651234987948167235194673528236598471587412396312745869469381752875926143
000904000000503000010020030803000109004000500090050080005000600106070302209000401 537984216962513847418726935853467129724198563691352784375241698146879352289635471
000200010004509608780000050000300000091000420000006000010000087902401500050002000 539268714124579638786143952267314895391857426845926371413695287972481563658732149
390070004000069007005008100062000000530000076000000820001300900200690000900080035 398271654124569387675438192862743519539812476417956823751324968283695741946187235
102000607900000004500080003003000200600705009000126000000010000000407000075000390 132954687986372154547681923753849216621735849894126735269513478318497562475268391
000000000805010402060508010007435800003000200000020000401080706500704009000000000 319642578875319462264578913627435891153896247948127635491283756532764189786951324
020600004085700010006400000000000581001000300273000000000002800090006120300005040 129683754485729613736451298964237581851964372273518469647192835598346127312875946
005601200086090450000030000067000910409000305000000000600040001500803006020060030 345681297186792453972534168267358914419276385853419672638947521591823746724165839
007008039000000270000030401000300050032080690090005000203040000016000000950200100 147628539385419276629537481761392854532184697894765312273841965416953728958276143
005964000090030040000100006300000904460020087701000002500009000020040070000615200 815964723697832145243157896352786914469521387781493652538279461126348579974615238
605000000470100020008304000020070061000000000860030040000801500080002019000000408 635927184479185326218364795523478961947216853861539247796841532384752619152693478
060040030370000042020103050006905800010000090700000004030050020000060000009702600 561247938378596142924183756246975813813624597795318264637851429182469375459732681
010008020000060300000004705080031270050000030071490060508900000006040000090200050 917358426245769381863124795689531274452687139371492568528913647736845912194276853
203000085009200060010900070040000000105070203000000050080003020020009600350000409 263741985879235164514986372648352791195678243732194856981463527427519638356827419
009200010000049000400060005050003007006020500100500060700090003000780000060001900 689235714537149826421867395952613487876924531143578269718492653395786142264351978
000807000070020010498000327000385000003912700000000000310000075000000000002758100 231897456675423918498561327724385691563912784189674532316249875857136249942758163
100600009040300705003000800005000040000804000020000100009000400306007080700009002 178645329942318765563792814895271643631854297427936158219583476356427981784169532
070000000094000013020903800000089000200070001000150000003605040140000790000000080 376821459894567213521943867617389524258476931439152678783695142145238796962714385
010800470450007016600100000040602907000050000501708040000009001120400039076001020 219863475458297316637145298843612957762954183591738642384529761125476839976381524
008005010450001008062400700000570000004908600000064000006007130800300027040200800 978625413453791268162483795681572349524938671739164582296857134815346927347219856
000050000706000809900000006004793500000000000001000900000060000500238001840509037 418956723726341859935872146684793512279185364351624978193467285567238491842519637
000000000400268005800040001002601400000020000030000020900000007060307050047906280 376195842419268735825743691592631478784529316631874529953482167268317954147956283
000703840030000201000500700000400002501000306200007000004005000805000030062908000 156723849437896251928514763679431582541289376283657194714365928895142637362978415
000300970479208010100040080020000063008000100910000050090030008040805291081004000 852316974479258316136749582724591863568473129913682457295137648347865291681924735
800000005001005700050620010080401900004050300007906040040069070009800200100000004 892147635461395782753628419685431927914752368237986541548269173379814256126573894
006000400040136090070805020007000900310608054002000600000090000001000200000502000 186279435245136897973845126867453912319628754452917683624391578531784269798562341
000000000905070204000648000817000956400010002600000003000201000730090028100000009 348952761965173284271648395817324956493516872652789413589231647736495128124867539
300000640028000007000002008160400000050308020000001039800100000600000570019000003 391785642528643917746912358163429785954378126287561439875136294632894571419257863
700003649800520000100009000908000010070030090010000704000300002000095006529600007 752813649896524371134769825968472513475136298213958764681347952347295186529681437
000000000007389200900502004206000801008701300070000050800294007000108000004000500 652417983417389265983562714246935871598741326371826459865294137739158642124673598
000000000501000704000146000204000306700805009800000002006090800000308000080701040 642579138591283764378146925254917386763825419819634572136492857427358691985761243
002080501000050030500006000000060403090405020706030000000700002060010000308020100 632987541984251637517346298825169473193475826746832915451798362269513784378624159
009000600080000090600705008700302006004070900000904000207060104001000300008040700 179428635582631497643795218795312846814576923326984571237869154461257389958143762
300005046650900020000260000800000510005080600041000002000019000030004068120800005 392175846657948321418263957863792514275481639941356782584619273739524168126837495
800704005450103067010050080000908000000000000120000058007060500000401000030205040 862794315459183267713652489574918623398526174126347958247869531685431792931275846
390000100000007000807930000072003800060010050005200790000061507000300000001000062 394625178526187439817934625472593816963718254185246793239461587658372941741859362
000000000000564800083007400069050020030789050050040390001300940004926000000000000 945831267217564839683297415469153728132789654758642391821375946574926183396418572
020000050760000014003000700070040020006080100450010097600902001040803070000000000 824197653769538214513624789971345826236789145458216397687952431145863972392471568
050090300040051082000008100600000510000000000027000004003800000160940020005060030 851296347746351982932478156684732519519684273327519864473825691168943725295167438
156000248000000000009208500300504002010803090005010700000706000003090800700000001 156937248872145639439268517398574162617823495245619783981756324523491876764382951
900000006042000850010804090004000900800000001300649002000206000020708030000050000 987325416642917853513864297274183965869572341351649782495236178126798534738451629
009000001100037600700090400000004010001963200040500000006080005003650007800000900 689425371124837659735196428968274513571963284342518796496782135213659847857341962
600807001500000002008040900005090800012706540000405000000103000000000000041000320 629857431574319682138642957465291873312786549987435216856123794293574168741968325
064000710030000080200517003009070400400090006010408070000805000005020100000060000 564983712731642985298517643859376421473291856612458379146835297385729164927164538
000000000406005020809600014038064090000000000040350160980001206060800701000000000 723418659416935827859627314138764592695182473247359168984571236562893741371246985
063070850000105000504386901000000000805000403007030500300000004009000700000604000 163479852978125346524386971236548197895761423417932568352897614649213785781654239
000809000006541200030702050012000980750000026900050003009000500000020000080906070 527839641896541237431762859312674985758193426964258713149387562673425198285916374
200301008000075400090060000630000001025000870100000049000020080002850000500107002 256341798813975426794268135639784251425619873187532649961423587372856914548197362
078000120060070040020010070013405980800060003090000050000000000081507290000102000 378654129169278345524913678713425986852769413496381752247896531681537294935142867
210050068070000040000803000100000005706030802500702006000000000000509000450106089 213954768879261543645873291132698475796435812584712936921387654368549127457126389
000020000000603000100789003000000000820070015610000098200508009001060500067000840 358124967792653184146789253475891326829376415613245798234518679981467532567932841
000923006000010200000000015030009780070080030091500020710000000004050000200394000 157923846643815297928476315532649781476182539891537624719268453384751962265394178
100050003030090020000203000040507010005109600009000200008000700400070002076010390 162754983837691425954283176643527819285149637719836254328965741491378562576412398
080050072900007308000360090604000800000000000003000604030071000207600005560090080 386159472915427368742368591624735819159846237873912654438571926297683145561294783
000000000000701000040652010200849005005000200109000408010000040000907000503020807 351498726692731584748652913276849135485316279139275468917583642824967351563124897
403796801000308000000000000080000040000070000042010950960000087004609500000407000 453796821217348695896125374581962743639574218742813956965231487174689532328457169
600080009000065800038009700026000000870000014000000520007600150001470000900010002 654781239792365841138249765326154987875926314419837526247693158581472693963518472
060700012001200086080060003000000200000579000004000000300090020190002300750008060 465783912931245786287961453679814235823579641514326897346197528198652374752438169
500009018400002300020300000810906700000050000006203089000004030004600002970800006 537469218489172365621385974815946723392758641746213589268594137154637892973821456
000681000050002040208500000060000700905070104003000060000008502030200090000154000 479681325356792841218543976164829753925376184783415269647938512531267498892154637
020600700004000506670400020000706801000080000705301000050003087301000900007002030 528639714134278596679415328243796851916584273785321469452963187361857942897142635
040107060007000200605000903001090600020803050000000000000070000100329005070010030 942137568387956214615284973431592687729863451856741392593478126168329745274615839
450000072000070000009000600030108090500040008006000100000000000001206800605000704 458619372162375489379482651234168597517943268986527143823754916741296835695831724
090805130500900006100060000800201043001000500340506001000050008400008002086302010 694825137573914826128763954857291643261437589349586271732159468415678392986342715
600090005309205807020000010000306000000050000504801703730000081040000030800000004 687194325319265847425738619198376452273459168564821793736942581941587236852613974
304000089700000000006203104002407900000050000005106800203705400000000007610000308 324571689791864532856293174132487965468359721975126843283715496549638217617942358
102000804050000030090402050005000900600809001070060080010635020000000000000178000 162357894854916237397482156285741963643829571971563482419635728738294615526178349
010000080000285000007060200350000091070000030104000807060030050090070020040801070 612947385439285716587163249356728491978614532124359867761432958893576124245891673
000309000000528000090000060060871050001000700004030800300000005108000604002040300 217369548436528917895714263963871452581492736724635891349286175178953624652147389
700300100012048300000000900050007080608000504040500030007000000001760420006002001 784359162912648375365271948253417689678923514149586237527134896891765423436892751
014806900000040000600097801000000094030050060760000000106570003000010000002604170 214836957978145236653297841825761394431958762769423518186579423547312689392684175
000070000800503002006401500050000090078050420900000003000138000601000204500000001 315972648894563712726481539453216897178359426962847153247138965631795284589624371
001000300800603005050908010006070100300105009007236500008000900900000006070000030 461752398829613475753948612586479123342185769197236584238561947914327856675894231
070006080608000002002803670407209100000030000009604807094308200800000304060400090 975126483638547912142893675457289136286731549319654827794368251821975364563412798
078000001000400005690000000010030000006984200000070080000000036200005000100000870 578623941321498765694157328819236457756984213432571689947812536283765194165349872
000002065001008000805000307004005600700000008006200400602000503000400700570300000 497132865361578924825964317284795631739641258156283479642817593913456782578329146
000841000000090000030506040060000080051708620300902005003000800075000430208000907 526841793847293516139576248762415389951738624384962175493627851675189432218354967
010003000502040601000000507650000308000000000203000076905000000106050902000900080 719563824532748691468192537654279318871634259293815476925481763186357942347926185
700000000009148000016000500003820040100000006020031800008000390000279400000000007 734562981259148763816793524693827145187954236425631879578416392361279458942385617
054237690000000000300906002007802400010000020000761000092403150000175000000000000 154237698269518374378946512937852461816394725425761983792483156683175249541629837
007200800000000400000803027002590003400070002600032900520701000004000000008005300 357214896281967435946853127812596743439178562675432918523741689764389251198625374
040986010900300002000054000502000087408000901690000204000140000100003008050862040 247986315985371462316254879532419687478625931691738254823147596164593728759862143
100000789600890000803072500001000070037000460080000100008930601000027004312000007 124356789675891243893472516451269378937518462286743195748935621569127834312684957
850000004030007000102400708200710000000239000000046002309002507000500080500000021 857621394634987215192453768268715439415239876973846152389162547721594683546378921
950000000000000920406300000040705092080040010260801070000007201013000000000000086 952178364138654927476392158341765892587249613269831475695487231813526749724913586
150000000000700902270000060700091800005000200002380006090000083307006000000000047 153962478864753912279148365736291854985674231412385796591427683347816529628539147
000601090930704160050000000590107032000000000160205048000000020085402016010503000 874651293932784165651329874598147632423968751167235948349816527785492316216573489
040000060300060001009300200000584900050206010007931000001007800800020004030000050 548712369372869541619345287126584973953276418487931625291457836865123794734698152
100809003009070200280000074010000020000706000004235600900354002000080000000000000 147829563659473218283561974516948327392716845874235691961354782425687139738192456
642050080000000005000300020064920001100070004700061950010008000200000000070010346 642159783391287465857346129564923871129875634783461952415638297236794518978512346
070020050000306000000798000290000063050963040000000000060030010004000200800617009 976124358482356197531798624297841563158963742643275981769432815314589276825617439
800079000594200000201000000010380070008060500040057060000000708000001426000730005 836579241594213687271648359615382974728964513943157862169425738357891426482736195
740502000310800020000000005080007009093000740200300010900000000070006091000905073 748512936315869427629473185486127359193658742257394618932781564574236891861945273
090002030100850004005000200300206070070000010050701003009000300700018002030600080 497162835123859764685473291341286579276935418958741623819527346764318952532694187
098050410000000000640802053020634090000000000003195800080000040005060200000708000 798356412532941678641872953827634195159287364463195827286513749375469281914728536
700040003021030450530000068600000001900020007000809000300010005060702030000000000 796548123821637459534291768658473291943126587217859346382914675165782934479365812
080100000102000940070020801700600000008701600000003007203070080054000206000004050 489135762132867945576429831795642318328751694641983527213576489954318276867294153
690020000000040900001680007007000020083000450050000700900072300004050000000060071 698723514732145968541689237467538129183297456259416783916872345874351692325964871
120040070000000000003900050900027030630000027010630009050009800000000000080050064 126845973594376281873912456945127638638594127712638549357469812461283795289751364
010040030360009015007000600080421000700806004000795060002000300970300021030010070 215648937364279815897153642689421753751836294423795168142567389976384521538912476
090628040400030008012407360305000604700040009060000070007000800000000000030070020 593628741476135298812497365325719684781246539964853172247961853659382417138574926
003456800000107000700000005205000903309508402000000000000000000016305790080010030 123456879658197324794283165275641983369578412841932657537869241416325798982714536
700609002000000000000278000006437900400000001000801000600000003804090705390705024 743619582982543176165278439216437958478952361539861247657124893824396715391785624
230080057050000060008000200000000000045000910103090504009104800502000401000302000 234689157957241368618537249896415723745823916123796584369154872572968431481372695
000010000671000429030000050086000790019806230000020000050000080000207000007504300 825419673671358429934762158286143795519876234743925816452631987368297541197584362
090030080200801003000000000057000410000000000002496800600000008020167090700904002 194632785265871943873549621957328416486715239312496857649253178528167394731984562
000539000003000200040000060002806900300050007000703000700090002025000190906000804 261539748893467215547182369172846953384951627659723481718694532425378196936215874
034080000050000083008502904005020400400801002003040800502704600740000010000090540 934186725256479183178532964815327496497861352623945871582714639749653218361298547
503204807190080045008000300700000001009000500002709400000000000300908002020605030 563294817197386245248517369785463921439821576612759483856132794371948652924675138
800020005076000930400709008005000800000517000000206000100402006209108407000000000 891623745576841932423759168765934821382517694914286573157492386239168457648375219
000090680007600000200000001004005009010706020800900400400000005000002100078030000 541397682387621954296458731764285319913746528825913467432169875659872143178534296
400786009027901360000305000005090200009030400800000006002010700100204005000000000 413786529527941368986325174345697281269138457871452936652819743138274695794563812
000040020000508070001030509402000000875000491000000802503090200020807000090020000 358749126269518374741632589432981765875263491916475832583196247624857913197324658
504000012300000800078010406000308000006020900000107000607030290003000001940000503 594786312361452879278913456729368145186524937435197628617835294853249761942671583
203807509000000000600305002560208043000000000010906070080000090025000730000504000 243867519158429367697315482569278143872143956314956278481732695925681734736594821
000137000036050710000060000000000000914000863003040200070000030060293050025000680 548137926236954718197862345682319574914725863753648291479586132861293457325471689
200000003760050028008000900000000000800403006000972000000708000107060309042000780 214897563769354128358621974921586437875413296436972851593748612187265349642139785
000000000040731050060040030008000700730000021500000009200307006000010000100596003 315862974942731658867945132498123765736459821521678349259387416683214597174596283
000201000000409000020030090152000367700000005060070010010000040200903008570000036 497281653385469721621537894152894367734612985968375412813726549246953178579148236
000826000900000006080030020038000410200000007006070900090000030000143000300769005 574826193923514786681937524738695412259481367146372958497258631865143279312769845
750008001003510002000040060500060080086205170020080006010070000900056300600400017 754628931863519742192347865571964283486235179329781456215873694947156328638492517
000000000002000800006458300007080100230000079509000208000010000003649500640000023 984326751352197846176458392467982135238561479519734268795213684823649517641875923
000000000017000690508376402053000240900030007000805000000401000601000704300607001 236914875417258693598376412153769248984132567762845139879421356621593784345687921
103000408200050001000308000000109000000070000600000002806000205400502006005607300 193726458287954631564318927752169843348275169619843572876431295431592786925687314
008407500050801020400000008700000006000102000010645080001000800800000003003020900 128467539956831427437259618742983156685172394319645782271394865894516273563728941
300060000006720593200000100080000000703080209000000080007000001145038700000070005 359861472816724593274359168481293657763485219592617384927546831145938726638172945
800020003000060000905000102024871390001000500008000200000030000300000007000649000 817924653243165789965783142524871396631492578798356214486537921359218467172649835
100520000900400058000089106004800030000000000030001600301670000750004002000038001 187526943962413758543789126614857239879362415235941687321675894758194362496238571
206000500508001007400020010000750003000902000700013000040090001900100308007000605 216487539598631427473529816629754183381962754754813962845396271962175348137248695
060000050104000702030608040002070400000206000006030900020904070908000605010000090 269147358184359762735628149392875416471296583856431927523964871948712635617583294
009000200036000750000603000290000048005000100000050000080704060060108020000509000 179845236836291754452673819297316548645982173318457692981724365564138927723569481
020108070000000200007000851060704000003000400000601090475000600009000000010402080 924158376851367249637249851568794123193825467742631598475983612289516734316472985
000000000000803000801705309000502000000060000300489002400000003072000160030107080 723694851945813726861725349196572438284361597357489612418256973572938164639147285
003040200000308000060709010000804000007502300006090400000000000408070502095000730 813645297729318654564729813952834176147562389386197425671253948438971562295486731
900060001700984003000301000050030060000517000000602000089000420604000307070040080 938765241712984653465321798157438962296517834843692175589173426624859317371246589
960000014000000000007000800050080070300402006010703050140020089000904000700010002 965278314831546927427139865259681473378452196614793258146327589582964731793815642
090040800005207001100500070070000410600070008041000090010003002700406300004020080 297641835485237961163598274872965413639174528541382697916853742728416359354729186
600209000200100050010000300080070503409000607705010020001000090070001006000408005 657239481243186759918745362186972543429853617735614928561327894874591236392468175
005400200040070000006910034500000103010000020604000007270035600000020090001004700 135486279942573816786912534597248163813769425624351987279135648458627391361894752
060500000000487009000032000078000013023060490410000750000320000300156000000004020 267519834135487269894632571978245613523761498416893752759328146342156987681974325
009020500000080042246000801050200000100070006000001050405000673630010000008060100 389124567571689342246357891953246718124578936867931254415892673632715489798463125
300702009005000100000134000020000090070315060000090000084000250600000008013000740 361752489245689137897134625526847391479315862138296574784961253652473918913528746
060000010800306004005000300000090000408000201073060940004108600080607050700509008 369485712827316594145972386651294837498753261273861945534128679982647153716539428
600000004005040100007000600000080000083000760400501008504000203070020040360000071 691732854835649127247815639759386412183294765426571398514967283978123546362458971
000000000068040900090205004080003620040080070027100040400608090001020560000000000 514897236268341957793265184189473625645982371327156849452618793931724568876539412
208000309070000010050209070007000800000473000000608000064805130520040086003060500 248716359379584612156239478637192845895473261412658793964825137521347986783961524
000807500300005000800900060031000000720000059000000840010003002000600008009102000 196837524374265981852914367431598276728346159965721843517483692243659718689172435
500000007004060200830502064600020003000809000090000010040000080700305002000104000 526948137914763258837512964658421793173859426492637815349276581781395642265184379
905000000680090010034620000000000379070050020193000000000018740050040082000000901 915487236682395417734621895528164379476953128193872564269518743351749682847236951
904080605000060000700000004040000020010495030090706040600000002400000007000803000 934287615851964273762351894547138926216495738398726541673549182489612357125873469
010050040200703006003409700045601870071000620000000000102000403000040000050000080 917256348284713596563489712345621879871394625629578134192867453738945261456132987
740805000000700200002000580160000090007060400080000065096000300004009000000602059 741825936859736241632914587165473892927568413483291765596187324214359678378642159
007908400080000030200000005060000010705040209008020300600204001000605000020010050 317958426589462137246173985462397518735841269198526374653284791971635842824719653
084050130500000002000196000030000080017080940008000200000275000020839060000000000 984752136561348792372196854439527681217683945658914273846275319125839467793461528
930000004000037002005000007000700600540020093006003000700000800200540000800000025 937256184481937562625814937392785641548621793176493258754362819219548376863179425
250000010030090068000104000000840506040000080706013000000308000510070040070000029 258637914134295768697184235321849576945762381786513492469328157512976843873451629
000672000740000021500030009009000500000268000460000083050000090200000007080759030 931672845746985321528134679819347562375268914462591783657423198293816457184759236
004106200608903501000000000800204005000070000010030060006010300590000024700020008 974156283628943571135782496867294135359671842412835967286417359591368724743529618
090710062301900000060040900000000005850000034900000000009060020000004607680052040 598713462341926758762548913274631895856279134913485276439867521125394687687152349
750020000008001000090600020406800000001203900000005308060002030000900700000040089 754328196628791543193654827436879251581263974279415368967182435845936712312547689
200804006450070018001000200000507000020903050009000800600050009000090000030000040 293814576456279318781635294314587962827963451569142837642351789175498623938726145
070000104000020000009500307680009700000201000004600093403006900000040000201000040 576398124348127659129564387682439715935271468714685293453816972867942531291753846
000020000480000026090000050000000000720010098000284000063508240100000007270040089 516429873487153926392867154851796432724315698639284715963578241148932567275641389
090370060003098004000000900070009001006000200100200050004000000800120600030057080 492371865763598124518462973275689341346715298189243756924836517857124639631957482
900158070000000004200000190000407800080010030007806000069000002500000000070625009 946158273713269584258743196325497861684512937197836425469381752532974618871625349
800010000090000061002600004030205900080000040004103070700004800260000050000060003 846517239395428761172639584637245918581976342924183675719354826263891457458762193
000000000001504600030706020010308070800000006095010340007090100064000790000000000 246139857781524639539786421412368975873945216695217348357692184164853792928471563
000004003070000620000008741920005000401060302000800015263500000085000030100200000 816724593574391628392658741928135467451967382637842915263589174785416239149273856
090302060800904007000000000010000090430000051000040000007695800300801005100000009 594372168821964537673518942718256394436789251952143786247695813369821475185437629
000400800020038050100960000010000207074020360602000090000057003060280070008003000 597412836426738159183965724815396247974521368632874591249157683361289475758643912
000419000000000000041708950406030709093687410070090080000000000064000290000306000 537419862829563174641728953486135729293687415175294386758942631364851297912376548
020000010007108400500304007009000700000000000043507180400000005190030076008090200 324976518967158423581324697859213764716849352243567189472681935195432876638795241
485301627000205000000000000040576090008000700600000001000000000830917056074000930 485391627716245389923768514241576893398124765657839241569483172832917456174652938
000000000001080900000407000907000308508304207020000010009000100004908700103000802 472169583631582974895437621947621358518394267326875419789253146264918735153746892
000080035002650090500030006065800003020000080800006250100060009040093500690070000 976281435382654791514739826465827913729315684831946257158462379247193568693578142
090240000065080200000005070100003800602000701008500006080700000007050910000032080 391247568765189234824365179159673842632498751478521396983714625247856913516932487
040100270000059000003700000700000009096342750100000004000001600000260000025008030 948136275267859413513724986734615829896342751152987364389571642471263598625498137
000000047107680002000200000610820004050000010400013068000002000900046703560000000 296351847137684952845279136619825374358467219472913568784132695921546783563798421
000200094010009300000807100350000200804000906009000053002405000005700020140006000 586213794417659382923847165351968247874532916269174853792485631635791428148326579
090007056352000000008020000903700001000000000200001709000060100000000483470200060 194837256352416897768925314943758621617392548285641739839564172526179483471283965
000018270030000004010007000206000040004050900080000601000400030700000090041620000 469318275537962814812547369296831547174256983385794621658479132723185496941623758
400002009060491050000060000370000080045000630080000071000070000030859010900100008 417532869268491357593768124379216485145987632682345971821674593734859216956123748
070645020000209000006107500902000407540000061000000000000020000601308204300000006 879645123415239678236187549962813457543792861187564932798426315651378294324951786
000000012790008000000620000005070030609000501030090600000084000000500086420000000 864359712792418365513627894145876239689243571237195648356984127971532486428761953
107000004000070000028069070003052010001000200050310800080720940000090000600000502 197235684536478129428169375863952417941687253752314896385726941214593768679841532
000020000400000001008903700050000090100689002000000000260105048000000000500307006 735421869492876531618953724854712693173689452926534187267195348341268975589347216
000705000300040001040000060100000007090000030850307029000806000700402003002503600 621785394375649281948231765163928547297154836854367129539876412786412953412593678
090000050070309060002050900000105000000040000009030700930601025700000008100000006 491762853875319264362854917247185639613947582589236741938671425756423198124598376
060205040305080902000070000002000600000060000840000021030000090500428006600953007 169235748375184962284679153752841639913562874846397521438716295597428316621953487
700600901093010700008500000035000006070000010900000530000001300001040890209005004 752638941693214758418579623135927486876453219924186537547891362361742895289365174
006002080400300700070049003507000030001070900040000207900410020004006008020800100 136752489495368712872149653567924831281673945349581267958417326714236598623895174
002005000760000003013007000020049500400000001008670090000700160600000038000100900 942835617765912843813467259127349586496528371538671492289753164651294738374186925
089020470000907000003801500000000000700080006050402080040000090001000600008603700 189526473465937821273841569814769235792385146356412987647158392931274658528693714
809000503540000087070000060700050008058000620301000709000060000000429000000587000 869274513543916287172835964796152348458793621321648759985361472617429835234587196
067209350080040020000000000801504709620000031004000500000731000300050008000000000 167289354583147926492365817831524769625978431974613582248731695319456278756892143
037000490000000000000607000940208073006000100072000950090153060010020030000040000 637582491859431726421697385945218673386975142172364958798153264514726839263849517
300207009090000070600090001024050960000000000960401035007060500000000000046000720 381247659495136872672598341124853967753629184968471235217364598539782416846915723
000506000006000200750201038208090704000070000100000009300000006010050090000902000 821536947436789215759241638268193754943675821175824369392417586617358492584962173
100070009057064180030900060090000300360000071001000090070005040012490630400030007 146378259957264183238951764894716325365829471721543896673185942512497638489632517
210005004000080003008010700400652000021708940000941005003060400100020000700500031 219375864675489123348216759497652318521738946836941275953167482164823597782594631
008904700000503000400060001704000308050801060000406000800090005506148907000000000 328914756671583294495762831764259318253871469189436572812397645536148927947625183
078900000000006800201000974000400006020050030900001000539000702007200000000007460 378942651495176823261583974713428596824659137956731248539864712647215389182397465
806000301700384006300000009100903007000000000008060400000000000080509070903000608 826795341719384526345621789162943857497258163538167492274816935681539274953472618
030090000507006000000000325006000059905020804420000600183000000000400106000070090 832195467547236981691748325376814259915623874428957613183569742759482136264371598
701060902000942000960000083000807000000030000300000009090104070130020045400000001 741368952583942716962571483625897134819436527374215869296154378138729645457683291
000070002004590300007310600601000080000000000030000401008031900002069700100040000 963478152214596378587312649641953287729184536835627491478231965352869714196745823
370840000000060004005000082209600000400000009000001206750000900900010000000087045 376842591892165734145739682219678453467253819538491276751324968984516327623987145
000901000000865000070000060300104008064030210000000000703000401806302905000000000 632971854419865732578243169357124698964538217281796543723659481846312975195487326
500000003070408020000795000003000200050000070400080001040000080020040030800103009 589261743176438925234795816713654298658912374492387561341579682925846137867123459
005700000400230000870000003104500080008906700060001405600000017000057006000004300 935718264416235879872469153194573682528946731367821495649382517283157946751694328
902000003080094060000530008090000200073020190005000070800015000030860050500000601 952786413381294567746531928698157234473628195215349876867915342134862759529473681
090060000800200000200007680000000402006172900509000000054700001000001009000030050 795368214863214597241957683317895462486172935529643178954786321638521749172439856
030000090000050000500316007800102004000905000900604005405000803003000700201000409 138427596762859341549316287856132974314975628927684135475291863693548712281763459
300020840000000035060000007070802100100709008009601070800000050210000000036090001 351927846728164935964385217673852194142739568589641372897216453215473689436598721
810002000000690700300007002900000050020050030060000004100900008003061000000300047 817432695245698713396517482938746251724159836561283974152974368473861529689325147
060080001040200506002007008000002000903000605000900000200100900809006050400090030 567483291348219576192567348751632489923874615684951723235148967879326154416795832
100498005802030709000000000050060070006020400010307050040000090008000600930000024 173498265862135749495672381354861972786529413219347856647253198528914637931786524
048200016000000000200070450004506070007010900020307500012030008000000000930008140 748259316593164827261873459384596271657412983129387564412635798875941632936728145
008010200400000006000429000900030002004105900053206870007000500300060007000040000 538617249492358716761429385976834152824175963153296874647982531389561427215743698
002045080800600500070800009100030890200509007039010006900006010001004005020150900 692345781813697542574821369165732894248569137739418256957286413381974625426153978
000804000000000000004963700420000071900000005008020400600000004701000308090408050 162874539379152846854963712426385971937641285518729463685237194741596328293418657
008006000490007002700300806910053000000000000000960081803005009100200054000700100 328146975496587312751329846914853267682471593537962481843615729179238654265794138
400108007001090600030456090004000500700000002320000019100000006895000271000080000 469128357581397624237456198914762583758913462326845719142579836895634271673281945
010020070000060000096301520820000017950000084100000005000507000500040002009000800 315829476278465391496371528823654917957132684164798235632587149581943762749216853
050000800008050003103006490002704000040000020000308600015400706700080500006000040 957243861468159273123876495632714958841965327579328614315492786794681532286537149
000090000010000050900465008040020070050703060702040803300659007000000000008000300 485192736216378954937465218843926571159783462762541893324659187571834629698217345
150000048024000310870060052000000000000471000700682001090743060400000007000000000 156329748924857316873164952612935874385471629749682531298743165431596287567218493
700000002000986000001000500000060000100204008097801420900010003000378000403000207 769145832352986174841723596284567319135294768697831425978412653526378941413659287
000000000300000007810040063003502100507000608090000040700264005000000000050897020 974638251365921487812745963643582179527419638198376542739264815286153794451897326
000106000640000071300050006000000000250080067900375008010000090700809002000030000 572146839648293571391758426187962354253481967964375218816524793735819642429637185
000000000002010500960030081030000020010974030007305900000000000000841000490000052 751498263382617594964532781539186427216974835847325916173259648625841379498763152
700090004000304000082070930000701000060030090004809300140000059806000701000000000 713598264659324178482176935398761542561432897274859316147283659836945721925617483
000010000700060005201509803040000050500807009000625000000203000800000001030090070 359418627784362915261579843648931752523847169917625384175283496896754231432196578
028970060007000000306002700080020007063000250200030010001200408000000600040058170 428971563517863942396542781184625397963187254275439816751296438839714625642358179
080795040030000090040000060060901030300602009000307000010060070800000001095000680 681795342537426198942813567768951234354682719129347856413268975876539421295174683
050020030300905007700000001040010080108000604000000000400508003017030820005102700 654721938321985467789364251243617589198253674576849312462578193917436825835192746
000002000174050020020060700087409000600000001000506370001090080090070534000800000 863742159174953826925168743387419265652387491419526378531294687298671534746835912
140005306009000028000900000700590000408000907000081003000006000310000500604300071 147825396569143728823967145731594682458632917296781453975216834312478569684359271
004103200000070000730020056000000000603090805000308000508060902300205001200000008 864153297125679384739824156982546713613792845457318629578461932396285471241937568
900102007076000430000070000050000040000000000704809106500401009000000000080623070 935142867276958431418376295851267943693514782724839156567481329342795618189623574
580070034004000500300000009000000000409000302720000045000821000003507800010030070 582679134974312568361458729136245987459786312728193645697821453243567891815934276
407000105600010008010000070800090001000000000003641500180209067000000000005706900 437968125652317498918425673846592731591873246273641589184259367769134852325786914
000103000000020000064090310000208000051309760090000030405000901087000240000010000 978153624513426897264897315346278159851349762792561438435682971187935246629714583
900500300200030004000004620006070900040010030003020500091200000700040009002007006 984562317265731894317984625526873941849615732173429568691258473738146259452397186
069000520003000800000865000000000000000549000405080107000102000700000008610000093 869734521543921876127865349286317954371549682495286137938172465754693218612458793
300010009400609007000050000706040105000000000130000078007000800008167900000804000 375412689421689537869753214796348125584271396132596478617935842248167953953824761
300000005080000010006932800003000700000080000002506300100000004090050030200701009 324817965789465213516932847653194728971283456842576391168329574497658132235741689
006100300000000946000400080194800003000307000700004628020009000435000000009003200 546198372381275946972436581194862753268357419753914628627589134435621897819743265
500000201030009050600320000080902300005000600007401080000013004010600020203000009 594876231832149756671325498186952347945738612327461985759213864418697523263584179
070006200000030007609580300100000500046000830003000001004012706900050000002600090 371496285485231967629587314198763542746125839253849671834912756967354128512678493
701000809000020000050010070019000540800409003000000000003090600004206700006804300 731645829648927135952318476319762548867459213425183967273591684584236791196874352
080004000060080000402030019004070005070208090300090400540060902000050080000400060 783914256169582347452736819894173625675248193321695478547861932216359784938427561
970030056062904130000000000000000000030000090400000005800302009059060720010090040 974831256562974138183256974625149387731685492498723615847312569359468721216597843
700040008006000100300010004900607005002409800030125090000000000109070503500090007 791346258246758139385912764914687325652439871837125496478563912169274583523891647
080040903005300800490000006000001000908205401000400000500000014002004500107060080 286147953715396842493852176324681795978235461651479328539728614862914537147563289
000000300000020000060300491000603207023040980609502000914008030000050000007000000 795416328431829675862375491148693257523147986679582143914768532386254719257931864
009560000460800020120003000007000001300104006600000500000200074070005089000038600 789562413463871925125943867847659231352184796691327548538296174276415389914738652
200000001580040039030000080800000007076503810000080000000000000000105000951070423 269358741587241639134769285895412367476593812312687594728934156643125978951876423
000324000200000006000000000405000809000641000007000100080090040060708010020000030 956324781273185496148967253415273869892641375637859124381592647564738912729416538
000009002000070500007040901090000200400127005003000060605010800004090000100300000 816539742942871536357642981591463278468127395273958164635714829784295613129386457
000326000003000500400000009005408700007603100030050060000000000040000080012789450 591326874873941526426875319965418732287693145134257968358164297749532681612789453
003020000000300020001805900207900030100080006090001208005402800070008000000030500 943127685568394127721865943287956431154283796396741258635472819479518362812639574
503000902000070000006302400940010053030705040000000000028000590000507000059080310 573841962482976135196352478947618253831725649265439781728163594314597826659284317
150902006098100075000008090706000039000000000310000607030500000970003120800209053 157942386498136275623758491786421539549367812312895647231574968975683124864219753
070100000600000209000200064980700300006000400001003092860001000109000005000008030 274169583615834279398257164982745316736912458451683792863521947149376825527498631
000010006070000090080469000000002053090000010830500000000896030010000070500070000 952718346476325891183469527641982753295637418837541962724896135318254679569173284
040209070700050006002107400005306700300000008009070600000601000600905002500020001 846239175713854296952167483485316729367492518129578634238641957671985342594723861
506020804004507900700000006000000000000981000180000065408000702010030050000000000 596123874824567913731894526247356198365981247189472365458619732612738459973245681
010000050030000080006090700003010900000504000007030100065102490000000000800476002 718643259934725681256891743583217964129564378647938125365182497472359816891476532
604000030032060000700100000080009470040000090027400010000006003000050740010000905 694528137132764859758193624581639472346271598927485316475916283869352741213847965
070000030000308000001070900703060201902701308060000090090604010410903052000000000 679215834245398176831476925783569241952741368164832597598624713417983652326157489
201060004000900000080015070702000300850000046003000208040620050000003000500080401 291367584675948132384215679762894315859132746413576298947621853128453967536789421
020090050001050900053080620007030500002000400008476100000000000010943070700000006 824691753671352984953784621147239568362518497598476132435867219216943875789125346
000090500000600083000400296926000005050309010800000964561004000290006000007020000 642893571179652483385417296926148735754369812813275964561784329298536147437921658
010000040007000900600090001500489007000000000400261009005020300004000600063705190 819652743357814962642397851536489217921573486478261539185926374794138625263745198
009050070700206081000000000050008410000405000068300090000000000310702004020030700 149853276735246981682179345253968417971425638468317592597684123316792854824531769
005003000001060400670050010090006020064000970050800030030040095002010300000300700 485193267321768459679254813893476521264531978157829634738642195542917386916385742
400090020000604900090108000085000300603000209009000580000201060008406000060030004 417593628832674915596128437785962341643815279129347586954281763378456192261739854
000000000013769580006000700507010908000000000820000031002090800090801060000436000 978253146413769582256148793567314928341982657829675431632597814794821365185436279
080000020904000508003070600000107000000256000100080005320518049001409200000020000 685941327974632518213875694538197462497256831162384975326518749751469283849723156
070604050000703000080509020000231000700000002150070069000000000420050017800090006 971624853245783691386519724698231475734965182152478369569147238423856917817392546
000900000002008000005023710043106009008000400500407160074230900000800200000009000 687914532312578694495623718743156829168392475529487163874231956931865247256749381
030050900700000801000007056000004093097000610460300000870200000603000009009010040 136458972754926831982137456218764593397582614465391287871249365643875129529613748
600000009004316800003090400000238000200405007000000000002000600301904705890000024 625847319974316852183592476749238561218465937536179248452781693361924785897653124
080040070305070208027000430090000010200000005000601000800000009053798120000205000 986342571345176298127859436798534612261987345534621987812463759653798124479215863
002009040500000000000378006407080600003501400001060203700415000000000005090600100 632159847578246319149378526427983651963521478851764293786415932314892765295637184
720000001000800070000900036006050007007604100100080900350007000080009000400000059 728436591963815274514972836896251347237694185145783962359167428682549713471328659
030000010020030090010769040070000080002508400905000601000040000001952300000106000 439825716627431895518769243174693582362518479985274631296347158841952367753186924
108609704900000001002040900805000102700205009060308070000020000000000000580407013 158639724943782651672541938835974162714265389269318475391826547427153896586497213
005001830006300190030000005307560000000080000000097308200000080071005200059200700 925741836746358192138629475387562914594183627612497358263974581471835269859216743
000604000001020500040000030503907801007060300400000006020050060000872000090000010 235694187671328549849715632563947821987261354412583976324159768156872493798436215
000367000003001000007800290310905602500000001702603048071009800000100300000586000 925367184483291756167854293318945672546728931792613548671439825854172369239586417
000400031003000400007308090040000600600905004002000080080507300009000200270003000 526479831893251476417368592948732615631985724752146983184527369369814257275693148
700001000008720196000500070000000840005906300023000000090002000386017900000600004 764891253538724196219563478671235849845976312923148567497352681386417925152689734
090170030000850004300000000089020001005401600100090780000000009400015000060048050 596174238217853964348269517689527341735481692124396785851632479473915826962748153
000406000000030000304702901060000090809000206200000005036000710090010050400000002 971486523625139487384752961167245398859371246243968175536824719792613854418597632
006127500000000000003594200007342100000000000300000004051000790009805300200000005 946127583512638479783594261897342156124956837365781924451263798679815342238479615
000937000000010000001050900020605070000070000010803060007000500095000210300000008 458937621976218354231456987823645179564179832719823465187392546695784213342561798
030000010907000302004010600200506003000000000100080005090000070003907200080204030 536729418917648352824315697278596143345172869169483725692831574453967281781254936
010040890000000000000915003400508907057000320903206004300451000000000000074020050 716342895539867241248915673421538967657194328983276514392451786165789432874623159
805060010060008050042050600000300700200509006007004000003090560070200080020030109 835962417961748253742153698698321745214579836357684921183497562579216384426835179
100205003200000007005703100000090000010602080004801500040000070900020008020080010 179245863236918457485763192862594731513672984794831526348156279951327648627489315
620058070000049000800000030050006007006020800900500060090000005000490000040160023 629358471315749286874612539452836197736921854981574362197283645263495718548167923
895060003000003008000590007080000700403050106002000040600045000200300000100070364 895761423761423958324598617586914732473852196912637845637145289249386571158279364
000040000080006000692103000030007001075010390900600020000902485000500060000060000 157849632483726159692153874836297541275418396914635728361972485749581263528364917
100080509090700830470000000000106080800020005010809000000000027051002090704090001 163284579295761834478935216537146982849327165612859743986513427351472698724698351
700060002003528400004000900405000307000050000030010060600000003000283000090070080 758469132913528476264137958425896317176352849839714265681945723547283691392671584
