080200400570000100002300000820090005000715000700020041000006700003000018007009050 389251467576948132142367589821694375934715826765823941258136794493572618617489253
600050007030000000080409200015300000008000300000007590009501030000000080200070004 692853147134726859587419263915382476478695321326147598849561732761234985253978614
000050000000206000064000390045000810000020000000107000053000980090804060100030004 921453678378296145564781392245369817617528439839147256453672981792814563186935724
970306042805000109000050000207000304010020080400738001000905000000000000100847003 971386542865472139324159876287591364513624987496738251732965418648213795159847623
000006007007050000054090100090304080003060700010907050006080410000070900900100000 129836547867451239354792168795314682243568791618927354576289413481673925932145876
000000000003702800060354090089000160070645030000000000040000070200506004000010000 924168753513792846867354291489237165172645938356981427641823579298576314735419682
103600400590001008000200000809020000207080905000070204000002000600800039005003802 183695427592741368476238591859124673247386915361579284938412756624857139715963842
300005007010030590020008000708000000090000010000000902000900040032080070400600001 364195827817432596925768134758219463293846715641357982576921348132584679489673251
200040003600239008000000000029000530850000016006102900070805060900703001000010000 287541693615239748493678125129486537854397216736152984371825469942763851568914372
869000312020000080070108040030000090700060004001902500000836000400070003000010000 869457312124693785573128946235741698798365124641982537952836471416279853387514269
600589002030402060000070000000000000102060904006050800800040001010000070750020098 671589342938412765425673189547891623182367954396254817869745231214938576753126498
013090460800000005000040000200000001970010043060705090089403710000000000000678000 513892467894367125726541389235984671978216543461735298689453712347129856152678934
400000007006030200005702900850473026000806000004020300003209800068000590000000000 421598637976134285385762914859473126237816459614925378743259861168347592592681743
570060003030005060601007000053000001000080000900000270000800402080100030200040019 574268193832915764691437528753624981126789345948351276319876452485192637267543819
040000590890500062305002800000001040006090700030600000004700106680004057073000080 742863591891547362365912874928371645516498723437625918254789136689134257173256489
000500601000030700000070025300005290020000070058200004810090000009080000602004000 794528631285631749163479825371845296426913578958267314817396452549782163632154987
000709000200080003070204050800000001000501000160070045050000030030000010604090508 581739462249685173376214859825463791497521386163978245958142637732856914614397528
005040009420703000003805070000000006040157020100000000060408900000201087200070600 875642139429713568613895274352984716946157823187326495761438952594261387238579641
057038000006100207000090000630000001070020060500000034000080000205007400000910370 957238146386154297142796583638549721471823965529671834713482659295367418864915372
600185009000000000590000087800000003000704000054020910080203090460000031007040500 673185249248937165591462387829516473316794852754328916185273694462859731937641528
004000500086000420520000068003000200200178004000306000002010800010000050408205906 134862579986751423527943168763594281295178634841326795352619847619487352478235916
000600907000000300704300200040507600060080010001406020003002806006000000102008000 318624957625879341794351268249517683567283419831496725953142876486735192172968534
000102600000050290900006003300600900100030008007008005400500002026040000005203000 573192684684357291912486753358624917169735428247918365431569872726841539895273146
000801000005064100060700080250000403090000070406000012010009020002570900000103000 734851269825964137961732584258617493193248675476395812517489326382576941649123758
001000400509030108600801002320000085400506007000000000800403001040000050900010004 281675439579234168634891572326147985498526317715389246862453791147962853953718624
900160200000009508001050906000687002000020000200391000506070800809500000007018004 958164273462739518731852946195687432673425189284391765546273891819546327327918654
000000000940301076800020003009706300081000960200000004000509000090040010005000400 513867249942351876867924153459786321781432965236195784124579638698243517375618492
600704005000000000900268001020000090004030200007000600060040050000020000300906004 683714925241359876975268431126487593894635217537192648769841352418523769352976184
200090003040807010030060050070305020002406500000000000700000008409000201000102000 218594673546837912937261854674385129392416587185729346721953468459678231863142795
040000060000635000003000100005409700004702600900000004000204000300010008016000570 548127963291635847763948125625489731134752689987361254859274316372516498416893572
009003000710000000800795300050009800207000906006500070005812009000000042000900600 569143287713286495824795361451679823287431956936528174645812739198367542372954618
000800000102040080006200307200160000309000102000029004605002900090050203000004000 957836421132547689486291357248163795379485162561729834615372948794658213823914576
008300009090000200100080047005094080400000002080560400850030004003000060200008900 648327159597416238132985647725194386416873592389562471851639724973241865264758913
910600803080003076300000000090030001000507000600040030000000007570300040203006018 917624853482953176356871294795238461134567982628149735869415327571382649243796518
070000020003000700100805009050030010002000400400060002004607500000010000010254060 578943126943126785126875349859432617762581493431769852284697531695318274317254968
000620030082005090530000060007098000100000003000140900050000019070200640010079000 791624835682315497534987261367598124149762583825143976258436719973251648416879352
000403100370090000600070009000000415009000700842000000100050002000060081006201000 958423176371698254624175839763982415519346728842517963137859642295764381486231597
003000100208050903060000050700000005006301400380000019000030000030907080609020501 453289167218756943967413852791648325526391478384572619842135796135967284679824531
800060004071000650060080070000509000003000700056000410200806001009000200000192000 892765134471923658365481972124579863983614725756238419247856391519347286638192547
000300700060009084001002000018004030300000007090200140000100400520800090009006000 452368719763519284981742365218974536345681927697253148836195472524837691179426853
000401000003000900061000240007090400050000010008703500080030060100000003500020004 925481376473652981861379245217596438359248617648713529784935162192864753536127894
000400605006090030014080000240900703000000000907006024000040350060010800405002000 879423615526197438314685297248951763631274589957836124192748356763519842485362971
700000009000509000002146500000000000097000850004802900009000400800324005205080306 751238649463579281982146573628795134197463852534812967379651428816324795245987316
000040000008910400090608030007206840830000012049107600010805060005061300000020000 361742985578913426492658137157236849836594712249187653913875264725461398684329571
038000720004873900000000000302608104000000000045902830000000000070104080050020090 938465721214873965567291348392658174186347259745912836423589617679134582851726493
304801607000375000000000000050904030600080001038000790000030000080609040006000900 324891657961375482875462319157924836649783521238156794492537168783619245516248973
600403107000000000500900430060008070002090300070100020028009005000000000401802003 689423157234751869517986432165238974842597316973164528328619745796345281451872693
039000510000010000006907200400000002000000000057801430000604000310000067090000020 739462518542318679186957243461539782823746195957821436278694351314285967695173824
109308002080705040000000008320000015000010000650000094400000000070106020800904607 149368572286795341537421968328649715794512836651873294463257189975186423812934657
800000007090072300003005000010000004509748201300000050000200100006180070900000005 824936517195872346673415892712593684569748231348621759437259168256184973981367425
000000460000670809026080003085097000000030000000860210900040380803019000047000000 798253461354671829126984573285197634671432958439865217912746385863519742547328196
900800000750000000081690000073046005002000600500970420000018270000000064000002001 924837156756124398381695742173246985492583617568971423635418279217359864849762531
048070120000602000000090000000040000309000402060000070001709300400503007530060019 948375126153682794726194853875246931319857462264931578681729345492513687537468219
500000006000201000001680200090107840002000300046302070003028900000509000900000003 527943186689271435431685297395167842712854369846392571163728954274539618958416723
060495020000020000000603000600907008050080030008060500500000007107802405030000010 861495723349728156275613984613957248754281639928364571582146397197832465436579812
010000060006010500509000207002409700000060000080000040000907000400000009071040680 217594863836712594549638217162459738794863125385271946623987451458126379971345682
803000604009283700000060000701000206400000007000509000004030900000601000020000060 873915624649283715512467389751348296498126537236579841164732958385691472927854163
000600010080520079000340208000002090200000005010400000703065000690037040020004000 952678314384521679167349258438752196279186435516493827743265981691837542825914763
000210500010000030000305740031060050050000070080090120068902000070000080002031000 347216598815749236629385741231467859954128673786593124468972315173654982592831467
300800005020900040006014300009000083002000500530000400007340600060009070100007009 341872965725963841986514327619425783472138596538796412297341658863259174154687239
600020009004908700200000003016802370400107008000050000020000040008000900109304507 687423159534918762291576483916842375452137698873659214325791846748265931169384527
020701060050090070800453001090805040080000010400000003018070420205000706000000000 329781564154692378876453291791835642583264917462917853918376425235149786647528139
000570006430000007006000204000001800010080040008200000901000700300000015700019000 129574386435628197876193254643951872217386549598247631961435728384762915752819463
000080060860500400004000705008700000009801200000003100902000600007006052030070000 725184963863597421194632785218769534349851276576423198952348617487916352631275849
050000200403000006006005001030006090007020500010800060500600400900000603004000010 158369247423187956796245381835476192647921538219853764571638429982514673364792815
006000700000709000008103900400000002800205001603000405040010060100000004002604100 916458723234769518578123946451376892897245631623981475745812369169537284382694157
005000800400000001710000053000000000000264000300805006008010400520407019100506008 235791864486352971719648253867139542951264387342875196678913425523487619194526738
002008007000000080050690032083000064005806100260000890570069040020000000600100300 932458617416237589857691432183925764795846123264713895578369241321584976649172358
006947100030000090001000700000020000070050030302000408000504000169000584003010900 856947123437261895291385746985423617674158239312679458728594361169732584543816972
006000100150000086400000007070090020300608001010207030930020015004509800000000000 796385142153472986428961357875193624342658791619247538937826415264519873581734269
002040006600000500040005007050800703700306001306007020800100030001000009400070200 582743196637981542149265387954812763728396451316457928875129634261534879493678215
040209010100000008000541000900030004020010060000607000003104700410000093000020000 746289315152376948839541627961832574327415869584697132293154786415768293678923451
095000810010306050030000020000892000000145000002000500000000000003020700079000460 695274813217386954438951627751892346386145279942637581524769138163428795879513462
090507030800306002000010000000050000004000300020603080003000900002408100501000806 196527438845396712237814695318759264654281379729643581483165927962478153571932846
420076000800009020001020060060000500910000043003000080080090300050400009000560078 429176835876359124531824967268743591915682743743915682184297356657438219392561478
603007000000910060018200000701000500530000047004000906000001350020089000000300608 653847192472913865918256734761492583539168247284735916847621359326589471195374628
004080000080730240020600003000000670810000025052000000500007080068015030000060900 394182567685739241127654893439521678816973425752846319543297186968415732271368954
074009001050610000130000000200001008001050200400200005000000079000084030300500480 874329651952617843136845927265471398781953264493268715648132579529784136317596482
400201006076000230001070500590000042200090005030000010000926000960000027000000000 459231876876459231321678594598167342217394685634582719743926158965813427182745963
004895100000070000800000003450000012007000800090020040000702000700503009600000001 364895127912376458875241963456938712237154896198627345589712634741563289623489571
000603000003209400000040000031000290450000071020000060240000089000050000600407002 574613928163289457982745613831576294456928371729134865245361789397852146618497532
000050080470300050000471000001000530906000804048000700000265000090003028060090000 213956487479328156685471293721684539956732814348519762834265971597143628162897345
010000000008170009009500720000090360070206080046080000024009600600027100000000070 517942836268173549439568721852491367971236485346785912724819653685327194193654278
050801060000040000003902400005000300410607092030000070040000080002406100000090000 254871963196345728873962415725189346418637592639524871547213689982456137361798254
003000700010070080000304000208000601000506000090203070000000000040090050906000102 563128794412975386789364215258749631371586429694213578825431967147692853936857142
000060000000407000060531090620904018070000060850010034010000070005000600706000502 947862153531497826268531497623954718174328965859716234412685379385279641796143582
050016000010002095008400700560000100300070004009000053006004200290800040000260080 754916832613782495928453761562349178381675924479128653836594217297831546145267389
000090001005000060140280300009870020700000003030029100003067015050000600900030000 872396451395714862146285397619873524724651983538429176483967215257148639961532748
000800500085300020900007010003060085000905000650070400010700003070009650004003000 137892546485316729962547318723461985841935267659278431216754893378129654594683172
007000090400000180000205470500062700000030000006950008085301000091000007030000500 867413295452679183319285476543862719978134652126957348785321964291546837634798521
020000060050901070001000400190804025000030000047000310008000700000040000010702080 729453861456981273831267459193874625582136947647529318268315794975648132314792586
205700001000201900060009003071000038000000000350000620600400080004802000500007104 295743861843261975167589243471926538926358417358174629639415782714892356582637194
620010075001605400000307000080000040700000006003050900200060001004000800000201000 628914375371685429945327618582796143719843256463152987297468531134579862856231794
700040001604000908003000600000219000500000009030000060100806004008705200070000050 795648321614352978283971645846219537527463189931587462152836794468795213379124856
900400006001026300040000020010060005030704090500010030020000040004190700700003002 972435816851926374643871529417369285238754691596218437125687943364192758789543162
000965000003104600090000010080307050100000004009010200008000500700090002000248000 412965738573184629896732415684327951127859364359416287248671593761593842935248176
060040210000600004005000600400008790009000500021900006007000300800003000093010040 968745213372681954145329678436158792789462531521937486617894325854273169293516847
020008600005006007900700010610907500000080000009405061030002008200500100001800030 127398645345216897986754213612937584453681729879425361734162958298543176561879432
400128005050004080001900400740000609200000007109000024004007100080600040300492008 493128765652734981871965432748213659265849317139576824524387196987651243316492578
180000053002060400500000007600000002008906300201308605000050000400000009005734100 186497253372865491549213867634571982758926314291348675823159746417682539965734128
000275008080000040200008009000000870600507003097000000300600005010000090500893000 941275638785936241236418759453169872628547913197382564379621485812754396564893127
080020070000000000706105403900302006400070001013050290040000060200408005000030000 584623179321749658796185423978312546452976831613854297847591362239468715165237984
010004600000000109006070800960020000100000003000050026008010500701000000004900060 819234657372568149546179832967823415125496783483751926698312574731645298254987361
000000000040901020900352001003070400170000096805000207010407050000283000000000000 521748639347961528986352741263179485174825396895634217612497853759283164438516972
306090000010500000050760090900100430062000780037009006020048010000007020000010603 376291548219584367854763291985176432162435789437829156723648915691357824548912673
086090230007508400000000000004000800020070050500000003000050000905804102260000048 486197235397528416152643789734965821628371954519482673841256397975834162263719548
280000014000000000605000903010080090090406030006030200300805009960040027000209000 289753614137694852645128973713582496892416735456937281324875169968341527571269348
004700300003000987000900001060594000090000060000326090700009000825000100009007500 914768352653412987278935641367594218592871463481326795736159824825643179149287536
012069007605000000700803100000700010304000506090006000007301008000000701200970630 812569347635417982749823165526734819374198526198256473967341258453682791281975634
540000019000040000210000037402905108700804003000060000006000700020000080004281300 547328619693147825218659437462935178759814263831762594186593742325476981974281356
002058000300000070607900200430000000500010002000000084004005309010000008000120700 142758963359246871687931245436582197578419632921367584264875319715693428893124756
600000003030000090090040020020307050000080000500020006402106305300205008900000002 674952813235718694198643527829367451746581239513429786482196375361275948957834162
098000620600000008000090000000010000000309000201050907046000270020104050300705004 198547623654231798732698415973812546465379182281456937546983271827164359319725864
008000200904502701000308000000486000700010004000020000309000508640000012001000600 568174239934562781217398465192486357756913824483725196329641578645837912871259643
000000000380000076060318020000000000003607400409000103050040030008000600000020000 542769318381452976967318524625134897813697452479285163756841239298573641134926785
021003800040000012800004003506080000000409000000010705700200008260000070004800230 621593847943678512875124963516782394387459126492316785739241658268935471154867239
000347000030000080001000900800402005200090006040050020004000200060809070080704050 928347561435961782671285934816472395257193846349658127794536218562819473183724659
905004100000600000034090020000009050190080046050400000080060390000008000007900805 975234168218657439634891527846179253192583746753426981481765392529318674367942815
001000400060804020900000003500030001010000030036000580000607000200050006080090040 821963457365874129974125863598432671712586934436719582153647298249358716687291345
070000080000002000950700200060001002120905076500200030002007091000100000040000060 276413589318592647954768213467381952123945876589276134832657491695134728741829365
007520060800076000000000001050207006780000023200905010300000000000650007070048900 417523869892176345536894271153287496789461523264935718325719684948652137671348952
850090014000060000004000900230000078000040000000803000010408060008000700340607021 853792614971364285624581937235916478187245396496873152712438569568129743349657821
003761008800000000000004150089000000061408320000000780028600000000000007500983600 453761298812539476697824153389172564761458329245396781128647935936215847574983612
000508000300000004010040060000090000709050601050604020040000090507080406091403280 476528913382916574915347862264791358739852641158634729843265197527189436691473285
270060038900403006004107900009501600000040000003000800010000090007000500000736000 271965438985423716364187925829571643156348279743692851618254397437819562592736184
201060005030500010005213908008000230306000104042000700507186400010005020800040501 281469375439578612765213948178654239356927184942831756527186493614395827893742561
000010020430200090000807000004502910300000002018306400000703000040009058020050000 865914327437265891192837546674582913359471682218396475581743269743629158926158734
008010300500000008070000010007102900002070500080503060600708009800030006005020800 498615372531247698276389415357162984962874531184593267643758129829431756715926843
700000003000103000800957006070000080000060000683000245010605030005802700900000004 792486153546123978831957426279534681154268397683719245417695832365842719928371564
090126070070040030001000600600597008100000007007000500000762000080000040700000009 893126475276845931541379682624597318158634297937218564419762853382951746765483129
000093002060000870000500010450008000001000900000200084080005000035000020900620000 518793642369142875742586319457918263821364957693257184286435791135879426974621538
006384100023906740000000000000000000409703802070401050054030210000549000000000000 796384125523916748841275639235698471419753862678421953954837216162549387387162594
000900305000700940009040800400100000601020503000006004005030100043001000908005000 124968375856713942379542861432159687681427593597386214765834129243691758918275436
050070090040205070300401005000903000009000100704000908020604010008000200000010000 652378491841295673397461825185943762269857134734126958923684517518739246476512389
007000400001402300800090002760040053039000840000903000006231700200080001000000000 327815469691472385845396172762148953139527846458963217586231794274689531913754628
030000020001000900080962040360501074010030090000804000000040000005209300806000402 934158726621473985587962143368591274412736598759824631273645819145289367896317452
000204000004105800050697030320060084005000600010000050002070100078000540000000000 637284915294135867851697432329561784785943621416728359542876193978312546163459278
020040050907100402800003000009800003008010200200007800000600004702004108080030090 621948357937165482845273961479826513358419276216357849593681724762594138184732695
009800204400000060003090000200080400900615002006040009000060800010000003804003100 179856234458237961623194578231789456947615382586342719392561847715428693864973125
063000970040080060100090004000020000030174090200000006006000700080503040300040009 863452971942781563175396824594628317638174295217935486456219738789563142321847659
100007000000309608030620000600000080700163002050000007000081040802904000000500001 168457239245319678937628415621795384784163592359842167576281943812934756493576821
000000000000020000830000016040705060080306040590000073003804100024000950100000004 765418392419623785832579416341785269287396541596241873953864127624137958178952634
000605200026300090500009030604000023000000000910000807080500009050003140001207000 397645281126378495548129736674981523832756914915432867283514679759863142461297358
000050000000802000000109000900060001507000908180000032030605080760000019800904006 391756824674832195258149673923568741547321968186497532439615287765283419812974356
000010704000000020467200090100020040020105060050070003040002975030000000509040000 382916754915784326467253198193628547724135869658479213841362975236597481579841632
003000000580070090600042501900000050000634000010000008207180003060090014000000700 423951687581376492679842531934718256852634179716529348247185963365297814198463725
007000000100300060050060403002008009700604005800500700905010020080003007000000900 637842591194357862258961473542178639719634285863529714975416328486293157321785946
004000500010705020000824000060000070042000130005060200009030700000040000107000809 724613598618795423593824617361482975842579136975361284459138762286947351137256849
600000009000309000080162070000804000030000080070090010405000307068040190000020000 651478239742359861983162574129834756534617982876295413415986327268743195397521648
003509200028000690004000500000090000000704000090302070150000086080000040406000905 673589214528431697914627538741895362362714859895362471159243786287956143436178925
000007900300000000051009026000058307080000090407190000170600240000000001008200000 824567913396812475751349826912458367685723194437196582179635248263984751548271639
407602108000708000001090700180000076306000209002000800600203005000804000700000003 497632158265718394831495762184329576356187249972546831619273485523864917748951623
050700130000090000047610009094006005000030000100900280400051890000060000039008050 952784136613592478847613529394826715728135964165947283476351892581269347239478651
040000780300090005105007900006302000050000020000609300004100503500070004067000010 649235781372891645185467932716352498953784126428619357894126573531978264267543819
080300500007489600000000000030010705205000108709050030000000000002691400004002050 186327549527489613493165872638214795245973168719856234971548326352691487864732951
003706100000000000160000024000010000009000300010805040031408250050000090206109803 423796185895241637167583924384917562579624318612835749931478256758362491246159873
010000063027000009000080200502600000000704000000003105008020000200000970360000010 815942763427361859693587241532618497189754326746293185978125634251436978364879512
082500000000603009000024003024000031001040900690000480400960000100205000000001670 382579146745613829916824753824796531571348962693152487438967215167285394259431678
053090400000000032000304007005200046100000003490003200700105000560000000004030650 253791468947658132618324597385219746172546983496873215739165824561482379824937651
400813005370000012000000000000000000203901806049000150760020084000080000900735001 426813795378596412591247638617458923253971846849362157765129384132684579984735261
704293000350001000000000070000400209070000060809006000040000000000600095000172803 784293651352761984916854372563487219471329568829516437148935726237648195695172843
030821050000000000100305004300000007040107090900204008000040000004050600070603020 439821756785496312126375984361589247842167593957234168613942875294758631578613429
300160000076020000510000000000270905009806400208054000000000019000040830000091002 382165794976428351514739268641273985759816423238954176423587619195642837867391542
000700100080060230210080000030006001007108400900500060000040017073050020005007000 356792148789461235214385976438926751567138492921574863892643517173859624645217389
090004030600000001008530900100603400006000100005408006004095700500000003070300010 791264835653789241248531967187653429436972158925418376364195782512847693879326514
005000700010000040000597000008403200000000000040981030800234009004000100030000050 325148796917362845486597312598473261173625984642981537851234679764859123239716458
000006078580701000003400000009100007040509020100003900000007500000805014710300000 491256378586731249273498651359182467648579123127643985864917532932865714715324896
041000520000000000002401900409050307000000000700080002200090005908705203004020800 341978526897562134652431978489256317125347689736189452213894765968715243574623891
080320000000000007620070400010003500902000104006900070004080069500000000000097040 487326951193854627625179483718243596952768134346915872274581369569432718831697245
010008003004000268600000100020004006090605030300800090009000007865000300700500040 217468953954713268683952174528394716491675832376821495149236587865147329732589641
007906200000070000020508090300000005600315004002000800010000080030020070090807040 587946213963271458421538796349782165678315924152469837714693582835124679296857341
900050001070102040005060200000405000040809060000010000008000700600030004003207100 924358671876192543135764289362475918541829367789613452218946735697531824453287196
040000080100304005200509007002000700000000000080251060701040809400020003020000070 945762381176384295238519647592436718614978532387251964751643829469827153823195476
060000570005000809000206001000900008006000700400002000700603000308000900054000030 163498572245137869879256341537964218926381754481572693792613485318745926654829137
000907000030518040500030009020674030040000070010000080700000003100000004050209060 461927358239518746578436219825674931943851672617392485796145823182763594354289167
502960000036000000000000062005700640700408009049006100120000000000000780000097201 572963814436821957918574362285719643761438529349256178127385496693142785854697231
630080091200009506015000700060070000100608002000010060006000320701300005340050017 634587291278149536915263748863472159159638472427915863586791324791324685342856917
000105000009060300650000097000807000003000800400209003730506024500000001002000600 327195468149768352658342197915837246273654819486219573731586924564923781892471635
030090010800600004007003500004908070900070003060201800002300900300009002010050060 235497618891625734647183529154938276928576143763241895572364981386719452419852367
504010600100500007090030508000200806000000000305009000703090080400005003001080409 574918632138526947296437518917243856862751394345869721723694185489175263651382479
002000008050908070096007500003100009080000060500006400007600140020304080600000900 472513698351968274896427513763142859284759361519836427937685142125394786648271935
300105009005604100040090060000000000809000405600902008000000000407010806506000704 368175249975624183142398567734851692829736415651942378283467951497513826516289734
000908000000702000905000701000601000709804106040000030406103908800000002003000600 172958463364712589985346721538671294729834156641295837456123978817569342293487615
080000010002000600014070350006905200001080500800604003240000091000109000000050000 687532914532491687914876352376915248421783569859624173245368791763149825198257436
800004072005000004003908000000093001000010000200580000000209600100000200540100007 816354972925761384473928156658493721794612538231587469387249615169875243542136897
060000020104000605520000074200509007050030060080602010030050080000816000000403000 369745128174298635528361974216589347957134862483672519632957481745816293891423756
000050047000080609070006000003000064401000708280000500000200050602040000350090000 826951347135784629974326185593178264461532798287469531749213856612845973358697412
900000000034800500000030070208007010160203094070400602010090000006008250000000003 951726438734819526682534179248967315165283794379451682513692847496378251827145963
006087400040002050700040003360000000509070604000000025100090006090700040007430100 236587419941362857785149263362954781519278634478613925124895376693721548857436192
004800000030004060000130004060507901001080700702906040900071000040600090000009400 274865319135794268689132574863547921491283756752916843928471635347658192516329487
008007000000000490040302087025098000070503020000270650730401060082000000000800900 258947316367185492941362587125698734476513829893274651739451268682739145514826973
090000600006502000010600520007000030005901400020000700054008070000705300001000090 592417683786532149413689527147256938835971462629843751354198276968725314271364895
750090036400503007100000008000000000203407509040050070300060005004802600020000080 752198436468523197139746258975631842213487569846259371381964725594872613627315984
009000360000209070704030001600092700000604000005370006900010503030405000058000100 529781364316249875784536291643192758871654932295378416962817543137425689458963127
600020008032006940090500010050907800800000005003805060080004050065300170300050009 617429538532186947498573216154967823876231495923845761789614352265398174341752689
200704009040000070080000040000173000300040001000809000460030058008090600003010200 235764819941382576687951342896173425372546981514829763469237158128495637753618294
000010000006759400010020050900070004602000805050000030700060003800000009095000610 578413296236759481419826357983572164642391875157684932721968543864135729395247618
010020600000000300703009258000090026000254000140060000328600109001000000009080030 915328647284576391763419258537891426896254713142763985328645179451937862679182534
000000000030841050010000070600020003090000080002108400007000100000215000080603040 425367891739841652816592374648729513193456287572138469357984126964215738281673945
019000250007010400500206001008030100000508000050090040030000010005104300002080500 619843257327915486584276931968437125741528693253691748436752819895164372172389564
108000040070004062000090500306040000000108000000060407004010000510200070020000901 138652749975834162642791538386947215457128396291365487764519823519283674823476951
000000930400000008021053000000045003004901500600730000000590340100000006048000000 586417932473269158921853674897645213234981567615732489762598341159374826348126795
009000200000903000080060090800090007500000004130507062000846000000000000026309850 619458273745923618283761495862194537597632184134587962351846729978215346426379851
000106980000800100000004603570000092201000806690000051109600000002003000036709000 324176985967835124815924673578361492241597836693248751159682347782413569436759218
420030081300000006078010530007000800000000000130000067500070008009502100001349600 426735981315894726978216534657423819894167352132958467543671298769582143281349675
000306010105020600060400020200000108070090060908000007030002080009050402020904000 492386715185729643763415829246537198371298564958641237534172986619853472827964351
400300081000000004198070500900030100000948000006050007005080419700000000380009006 427395681653821794198476523942637158571948362836152947265783419719264835384519276
000426000000000000002517800590000037100205008040603010700801004020000070009000300 385426791471938652962517843596184237137295468248673519753861924824359176619742385
300700008002031700070082010068000009027000180900000270040810060001650300700003001 315746928682931754479582613168275439527394186934168275243819567891657342756423891
300000008020010090890000047000506000002341900080000030001000700008030400000907000 315479628427618395896253147139586274752341986684792531961824753278135469543967812
800000007000305000005010200052106340000000000000928000201000604060704010080000050 814692537726385491395417286952176348678543129143928765231859674569734812487261953
006040500800060001700201003008000700910000068000080000005070300600030007003409800 126843579839765421754291683348126795917354268562987134495678312681532947273419856
800406005000090000090030010248000536061000940000060000004279100020000060500000009 817426395352198674496735812248917536761352948935864721684279153129583467573641289
250010007000200005008460900000000170905000206076000000004058700600001000500040062 259813647463297815718465923842536179935174286176982534324658791697321458581749362
800070009026108730000402000000000000073080650000060000008736500704000301060000080 815673429426198735937452816689245173273981654541367298198736542754829361362514987
000907000006805100200000005100402009040030060008106700700000002003000500000598000 315967248476825193289341675167482359542739861938156724754613982893274516621598437
010050070002897100709000408000000000980040037000102000400000006030000080026070310 813456972642897153759321468265739841981645237374182695498513726137264589526978314
000000950000180040002400001420008605090000020508900017600001700010043000057000000 184627953375189246962435871421378695796514328538962417643251789819743562257896134
800200040000008025001000907000800032000943000340005000506000300190600000030009001 879251643463798125251364987915876432627943518348125796586412379192637854734589261
000050006120630090000000417000000064030908070290000000948000000070094081500080000 789451326124637895365829417857213964431968572296745138948172653673594281512386749
960000038000000000001070500800307009000618000310090075090060040627000951000000000 965142738784539216231876594842357169579618423316294875198765342627483951453921687
000804000900000003002376900480201035025030890300000002006000300000000000013080450 631894527974125683852376914489261735125437896367958142246519378598743261713682459
000142009001000300080300050012700003070000060300005720060007040008000900700453000 537142689291586374684379152812764593975238461346915728163897245458621937729453816
706003098500960000000047001908000060051000820060000509800650000000089006620300905 716523498584961372293847651978235164351496827462178539849652713135789246627314985
000000000040207030960040071000090000003802600480060012008070400150000029000609000 837916245541287936962345871625194387713852694489763512298571463156438729374629158
000043010209051000000800070380000700670000041001000056050004000000120405020630000 867243519249751638513869274385416792672598341491372856756984123938127465124635987
090050004040900061001400000000006400300714008008300000000005600620009040700040010 296851734847923561531467289912586473365714928478392156184235697623179845759648312
800200300569001000002600000700190040090000010010026009000005600000700524007002008 841259367569371482372684195725193846698547213413826759284935671936718524157462938
500000004019000680000308000700806003000192000000050000002000500060030020053204890 587629314319475682246318975791846253635192748824753169472981536968537421153264897
401027006900000200000005304070250000000806000000039060802500000006000002500970601 451327896963148275287695314678254139349816527125739468892561743716483952534972681
005090006800000709000060580040001203000306000308900060084020000503000004200070800 715298346862435719439167582946781253127356498358942167684523971573819624291674835
000198000000504000100020009003000800200000004045000360060759030070861090900000001 526198743789534126134627589693475812217386954845912367461759238372861495958243671
000605000200000008003201500006000300009000100720030084902000407000050000057090260 198645732245379618673281549486917325539428176721536984912863457364752891857194263
008000000000250700000004601040000280090706010061000090207800000006043000000000500 328617954614259738975384621743591286892736415561428397237865149156943872489172563
009500030643200090000030024000000049004000300510000000280010000030005271050007900 129564837643278195875139624362781549794652318518493762287916453936845271451327986
003567900070000030800090004000000000001703600007040300100000009708901405060050070 243567981579184236816392754382619547451723698697845312135476829728931465964258173
600007010000146070007000900765000400000000000009000365008000700040875000070300002 682937514953146278417528936765213489834659127129784365398462751241875693576391842
005040000000900400082007905006109070700000003010704600209400750001008000000070300 195243867367985421482617935826139574754826193913754682239461758571398246648572319
080007040704000006002400750900504600000020000005906004098001500500000201010200030 389657142754132896162498753931574628476823915825916374298341567543769281617285439
007020000010000060902800050000006009604902503700400000050007102020000040000030800 867325914513749268942861357231576489684912573795483621458697132329158746176234895
803940007050000040000002009007306001300000002400201300700500000080000020100038905 813945267259763148674182539527396481361854792498271356736529814985417623142638975
056000010890005043000400006070030400000784000008050090900002000580300029020000860 456973218892165743731428956275639481619784532348251697964812375587346129123597864
000005000605020700701008940000000020000906000030000000046300501009040206000100000 384795162695421783721638945167853429452976318938214657246389571819547236573162894
050007030000300900309008002000063200003000500006410000100800704002001000070200010 254697138817324956369158472581963247943782561726415893195836724432571689678249315
060128050009403700000000000000506000005709800000812000048000970090000020503904608 467128359289453761351697284832546197615739842974812536148265973796381425523974618
020000030600000007053000140001809400000305000090702010000090000700000004019030820 127984536684153297953276148371869452246315789895742613562498371738521964419637825
080510000010000039003000200000942005900708004800361000005000600130000050000075020 289513476617284539543697281371942865962758314854361792725139648138426957496875123
008005020000091500001000940100037000530000019000510004096000300004680000010900400 978345621463291587251768943149837256537426819682519734896154372724683195315972468
000000000006745300100080004003000200080000090500368001000407000004136500010000040 432619857896745312157283964643971285781524693529368471268457139974136528315892746
080400100010030045400009000008307001070090060100806300000200009950070010003001070 587462193219738645436519782648327951372195864195846327761284539954673218823951476
500010000180730900300900000054000008001805400700000510000007003005084069000020004 569418372182736945347952681654173298921865437738249516416597823275384169893621754
300006020500020861020100003000009000008501700000800000200005070935010004040200005 381956427579324861624178953162739548498561732753842196216485379935617284847293615
900300602000200400720046000003000026006010700590000800000670051007009000602005004 941357682365281497728946135173498526286513749594762813839674251457129368612835974
003000800000040000904000203000568000061000530205010908000000000600907002100426009 523179846786243195914685273349568721861792534275314968492831657638957412157426389
050030900043100025600080030000000060904010703080000000030070002570008340002060070 258437916743196825691285437325749168964812753187653294439571682576928341812364579
903108205400070003000209000600020009005000800109000602240000076000010000000604000 973148265412576983568239147684325719725961834139487652241893576356712498897654321
900020004002104700010607030040010020001578400006302100100000007000000000804050201 973825614682134759415697832748916325321578496596342178169283547257461983834759261
100000009008091200090003040061307000030000050000106370080600090005430700400000005 173264589548791263692583147861357924734829651259146378387615492925438716416972835
030027019000001000690005020089000007006050300300000860010500086000400000820190040 534827619278961435691345728189634257746258391352719864413572986965483172827196543
000480601620000040000000800000030004085040790100050000003000000040000087509067000 937482651628175349451396872792638514385241796164759238873924165246513987519867423
705001000000040090300805004006000072200000009530000400900708006080060000000100705 745691238861342597392875614416953872278416359539287461953728146187564923624139785
090804020400705001000090000620000054007000300930000012000050000800407003040103060 396814527482765931571392846628931754157246389934578612213659478865427193749183265
800609000002000008037400002000500046000703000980006000200004680700000300000905007 815629734492357168637481952371598246526743891984216573253174689749862315168935427
014005003008000000050000271002700000030981020000006300569000030000000600200100490 914275863728613954356498271692734518435981726871526349569842137147359682283167495
300800000000009120700026008000400093800000005490007000100670002073200000000005007 326814759548739126719526348267451893831962475495387261154673982673298514982145637
300000004105000209809040706000010000000203000910000023400000005008407900000906000 367529184145768239829341756532614897784293561916875423493182675658437912271956348
000205000004010200600000003000709000090080070503000109200090007810000064007000500 789235416354617298621948753168759342492183675573426189246591837815372964937864521
020000700700100045085030020070005900302070504008300010050010370830004006009000050 421658739763192845985437621176245983392871564548369217254916378837524196619783452
900760001074020000080005003019080000000000000000070830600100040000090750800042009 935768421174329685286415973319284567748536192562971834693157248421893756857642319
002005098000000300701900000005210007020706050900083200000002609004000000250600800 432165798596827341781934562365219487128746953947583216813452679674398125259671834
000608000001070500600090007100482009080000050090000040930040015004907300000030000 759618423841273596623594187175482639482369751396751842937846215514927368268135974
000000076000078204000500030005903001800000002700205800020006000607350000130000000 918432576356178294472569138265983741843617952791245863524896317687351429139724685
200000004015040030003200190000402700040010080001308000056001900090070210100000006 287193654915647832463285197839452761642719385571368429756821943394576218128934576
009208300052070680080000090000040000090605040730802056070000060003901400900080003 649258317152379684387416295265147839891635742734892156478523961523961478916784523
290000034000000000100040006005128300400306002003000100000687000008214500000000000 296851734384762915157943286675128349419376852823495167532687491968214573741539628
200605008130040052050010070400000009000307000080050020540000097070060040000000000 294675318137948652658213974425186739961327485783459126546831297379562841812794563
800000009002500700071004320003050040000706000010020600038100450004005900900000006 846372519392518764571694328683951247259746831417823695738169452164285973925437186
940003080800910000002000500608020000005000900000050204006000300000036009030200076 941563782857912643362748591698324157425671938713859264286497315574136829139285476
604105809000000000900030005000000000001796300060304080007000600000218000029000510 634175829152869437978432165493581276281796354765324981817953642546218793329647518
000050000734002000020004603496001000000000000000900486605800040000200857000010000 961358724734692518528174693496781235283465971157923486675839142319246857842517369
020301040810040032700000006306508201002000600001000800007802900000050000000607000 625381749819746532734925186346578291582419673971263854467832915298154367153697428
800607004100000007070030020003000100010209030000050000005090800090010060400703005 859627314132984657674135928523876149718249536946351782365492871297518463481763295
000040050078610004305000000100000700027000410009000005000000603700096580010020000 261743859978615234345982176153864792627539418489271365894157623732496581516328947
017090240000000000400050003000401000703060408000000000500236001106908307000000000 617893245359124876482657193265481739793562418841379562574236981126948357938715624
089300700103040060000000000000400800051020930008009000000000000060010307002007510 289361745173845269546972183927436851451728936638159472714593628865214397392687514
500020006040070030030905080020301050000000000100000003060040020080000040700602001 518423976649178532237965184426391758873256419195784263961847325382519647754632891
006080900800691007100507008000000000000372000460000082005040800023000410000109000 376284951854691237192537648231468795589372164467915382915743826723856419648129573
040500067050000008009008000000402780400050001065803000000300200500000010980005070 843521967657934128219678543391462785428759631765813492174386259536297814982145376
600070009000000000004000300300702004040103050001608700050080010480000063020000080 635471829279836541814529376368752194742193658591648732956384217487215963123967485
300104008040708030000000000000907000067000140058301290003000500019050360000000000 375194628146728935892536471231947856967285143458361297683479512719852364524613789
700000009006020100300104002000206000000703000050000010005301900070090050069000780 721835649546927138398164572837216495914753826652489317285371964473698251169542783
503900802060008010200000004040283006000106000600794080300000008090800070801002903 513947862964328517287615394149283756728156439635794281356479128492831675871562943
030000010004509200500000008000407000080090050002080900018302540020000060003000700 239748615864519237571623498956437182187296354342185976718362549425971863693854721
000507000000030000580000079009000600000382000008609100305040708804060905010070030 423597861697138254581426379259714683146382597738659142365941728874263915912875436
030100040700890005000065000001000062078000930420000700000580000900043006050001090 835127649716894325249365187591738462678452931423916758164589273987243516352671894
000001070050070100170900050300050080004603500060080002010005024008040010040300000 832561479459872136176934258321459687784623591965187342613795824598246713247318965
800149003090060080400050002000030000083000240070000090000090000041000750009607800 862149573395762481417358962924835617183976245576421398738594126641283759259617834
082000150000000000010060030000801000700040009200000008500607001003000900070583020 982734156356128497417965832695871243738246519241359768524697381863412975179583624
900000006010009420047002800091703000000000000000108250009200730078900060600000002 925841376816379425347652819591723648782465193463198257159286734278934561634517982
500010008000060000001408200030000040016207930409050801050000080004000300020080060 542913678798562413361478259235891746816247935479356821957634182684125397123789564
500003004003042000008005360832000000060000030000000798081500200000720800200300009 517683924693142587428975361832497156769851432154236798981564273346729815275318649
206010007003400000005000318000709020500060009010802000927000100000007600600090204 296318457183475962745926318864739521572164839319852746927643185451287693638591274
000070600080095010070001009009004003010000060300900400700100050090740080008050000 921873645683495712574621839869214573412537968357968421736189254195742386248356197
010804070003106800080000050020030080850060019000907000040000060700000008508000102 615824973973156824284379651429531786857462319136987245341298567792615438568743192
980000002002007005004300980020060700000901000009080040078005100200100500500000024 985416372362897415714352986123564798847921653659783241478235169296148537531679824
057000091000000500000042300760080050010796080080030016005420000001000000840000670 257863491436917528198542367762184953513796284984235716675428139321679845849351672
008060100260000057000040000900000005500928003801000206300000008000050000002704900 798563124264819357135247869923176485546928713871435296317692548489351672652784931
470000801000008307910060000060401000001000700000209050000010032302900000106000075 473592861625148397918763524567431289291685743834279156759816432342957618186324975
000260005030000800000837020001080002083020910200090400010579000007000090600048000 198264735732951846465837129941783652583426917276195483314579268857612394629348571
000000000002509100105060704300000005010904060009020400001603800090070030000892000 986417253742539186135268794364781925217954368859326417521643879498175632673892541
040308060000090000006204700090010070300060001007000300901000807400020006060107050 149378265725691483836254719594813672382769541617542398951436827478925136263187954
030029700098700000040000001004070900005030800003060200800000050000002180006890070 531429768698713524247586391164278935725934816983165247812347659479652183356891472
040529060500601009000070000000000000702050108104000602280000036000000000010803040 341529867578631429926478513895216374762354198134987652289145736453762981617893245
000426000020517030000000000010000090008000500700000006030060050602000908050000070 583426719926517834147893265214685397368974521795132486439768152672351948851249673
050000010000086023300900700000507900030010070005309000003001006540870000020000050 658732419497186523312945768184567932239418675765329184973251846546873291821694357
008027003300000000700040100070900062603000509290006010001080007000000001500260400 158627943342159876769348125874915362613472589295836714921584637486793251537261498
032049000100300700000000040706050009005000300900010805060000000007005004000460230 532749168194386752678521943716853429285974316943612875461238597327195684859467231
400605007076008040000040050920000005003000700800000013030090000040300580200104006 418625937576938142392741658927413865153286794864579213635897421741362589289154376
070080000008000679003005008050039007000040000900560080300100700187000500000090040 671982435528314679493675218854239167736841952912567384349158726187426593265793841
910080060062091000080000097600008050000040000090500001870000010000710840020050076 915387264762491538483265197641928753257143689398576421874632915536719842129854376
500704001000050000006000300200000009008060700005201400090000080020406090000139000 539724861182653974476918325213847659948365712765291438694572183321486597857139246
000200000010680070600000003809000010500701008020000507900000006080027030000009000 398274165215683479647915283879352614564791328123846597952138746486527931731469852
004020800000803000608000109001309600000742000740060082009506300000000000500000008 934621857175893246628457139251389674896742513743165982489576321367218495512934768
097300000000001006201800005040208000900000001000609080500002704800900000000005620 697354812458721936231896475745218369986573241312649587563182794824967153179435628
500000003040000080200368009006457300000803000000000000000010000004905600095206140 589142763643579281217368459926457318451823976738691524362714895174985632895236147
050700003706310000300040200000000051800030009690000000007020006000079108100008070 952786413746312985318945267234697851875231649691854732487123596563479128129568374
000000000800719000000005304060007540700050002043100080207300000000574001000000000 675243918834719256921685374162837549789456132543192687217368495396574821458921763
010507900002000006900003010204000005000090000100000708020600004700000300009408050 413567982872914536956823417234781695687295143195346728521639874748152369369478251
500308006040060010020000090407000805000000000600594002000000000700246001060050080 579318426843962517126475398497123865352687149681594732215839674738246951964751283
000201000003906200070000080020090070080000040009803600900407005401000706000000000 594281367813976254672345981125694873386712549749853612968437125431528796257169438
003060700000800300620307005007938420200604007046725900900203078004006000002070600 583462719479851362621397845157938426298614537346725981965243178714586293832179654
040050020092070480003000900001968300000000000000745000900304001030000070400000009 746859123592173486813426957271968345654231798389745612927384561135692874468517239
300080002000106000620000045000234000700901004000000000070040080090000060500702001 317485692945126378628379145859234716732961854164857923271643589493518267586792431
053020190800000002006070500040801020000000000500090001080204030000000000004319600 453628197871945362296173548647851923918732456532496871185264739369587214724319685
060030000003000001000706020120300480904080306035004012040207000500000100000050090 268431975793528641451796823126375489974182356835964712349217568582649137617853294
100500062004001000000680000090003500005090200002400080000034000000700300750008006 138549762264371895579682431697823514485196273312457689826934157941765328753218946
061240000000007001000180003090000205307000806605000030800079000900500000000016950 561243798483697521279185463198364275327951846645728139856479312914532687732816954
080709200000015000407060050002087090000000000030690100090070805000930000006208030 583749216629315784417862359162587493974123568835694172391476825258931647746258931
000104000000962000904738601000000000601070208409080105005000800290000056043000910 326154789718962534954738621582619473631475298479283165165397842297841356843526917
040060072500800000600047000450006010007000200060500094000450009000001008890030040 948365172571829463623147985459286317387914256162573894216458739734691528895732641
003000000200300650069008032000090520900000006051070000820900760016005009000000100 583462971247319658169758432438196527972584316651273894825941763716835249394627185
705203108000605000000000000000050000100000009004701300501030904600000001409000705 765243198918675423342918576236459817157382649894761352521837964673594281489126735
900651004040000060600204007700000009000070000006319700408507903570030016000000000 927651384845793261631284597783426159194875632256319748418567923572938416369142875
007000200060380070800900006000020760090146030046030000600001002010058090009000100 957614283461382579823975416138529764792146835546837921685791342314258697279463158
009040300060000001040002500080050003057020610900010080004600050800000060002090400 579148326263975841148362579481756293357829614926413785734681952895234167612597438
009020600300000007405070102900507006050302010001090400000938000500000001007000900 719425638326189547485673192943517826658342719271896453164938275592764381837251964
030140000010075038005000600050010009980402057100050020009000800320590060000084090 836149572214675938795823641652317489983462157147958326479236815328591764561784293
060710000290040000410005000000003608003000500809200000000100043000050089000032050 365718924297346815418925367124593678673481592859267431586179243732654189941832756
080530000004060008002400160000000906470000082806000000013007800900040200000082030 681539724754261398392478165135824976479316582826795413213657849968143257547982631
000300060004060900160070040502000008340000072700000306020080019005010800080006000 857394261234561987169278543512637498346859172798142356423785619675913824981426735
700800005049000080000052040004908006006000400200603700010430000030000170400001002 723894615549176283168352947374918526986725431251643798612437859835269174497581362
057108000000305010680090000000000301090000060203000000000030058020507000000809740 357128694942365817681794523465982371198473265273651489714236958829547136536819742
745030968002000300060000070900708002000060000070000090051204730400080009007000800 745132968182976345369845271936758412214369587578421693851294736423687159697513824
070504900000009407000100600009000001108000709200000500001003000604200000005601040 872564913516839427493172658359746281148325769267918534921453876634287195785691342
000400510008020900070500080000009140040103050061200000050007020009040800034002000 692438517518726934473591286385679142247183659961254378856917423729345861134862795
690000031002000900000931000400000005009105200207000104000070000000502000070384010 694258731132467958785931426418726395369145287257893164521679843843512679976384512
008607500300000006001050900080020070070000010003701200090376050010000040000080000 948637521357912486621458937189523674472869315563741298894376152716295843235184769
000007150060020004070890020607400000000109000000006507020048030700010060089700000 248637159963521874571894623697452381835179246412386597126948735754213968389765412
000764050408025000000000090710309006680000039300607015090000000000470901070893000 921764358438925167567138492712359846685241739349687215894512673253476981176893524
080006100600700009000004005008060020010327090060050700400100000900008001001600030 289536147645712389137984265798461523514327896362859714426173958953248671871695432
700894005090070060041000870000000000070346020000715000904020507007000600010000090 726894315895173462341562879163289754579346128482715936934621587257938641618457293
001025000008790000000300096100000620280040057059000003830002000000056400000930500 391625874628794315574381296143579628286143957759268143835412769917856432462937581
090004600007960002200003090602809050050000080040502709010200008700091500005400070 598124637437965812261783495672849351159376284843512769316257948784691523925438176
807200510000040090600500000003704000700000003000602700000006009050020000089007302 897263514235841697641579238523794186764185923918632745472316859356928471189457362
005000100210050048800070003004000800780000069000607000000020000000804000406000301 675438192213956748849172653564219837781543269392687514958321476137864925426795381
000080000705030100482100035560000070000000000020000013150004362004010709000020000 613589427795432186482167935561893274347251698829746513158974362234618759976325841
200500000517000000008067000340080050000000000070010086000290500000000734000006001 263541879517829643498367215346982157185673492972415386731294568629158734854736921
800070003000000000026308490000709000007102300201030504005020700040000050702000901 814975623379264815526318497438759162657142389291836574985421736143697258762583941
700060003020000050600503009000178000160000074000000000206709508030000010075000690 751962843923487156684513729342178965168395274597624381216749538839256417475831692
090005204400703000000090006000804300700030008006201000100080000000302009209100080 897615234461723895532498716925874361714936528386251947143589672678342159259167483
700600004050000030410002000008001200670040085002700600000300071060000050300005006 783619524256487139419532768538961247671243985942758613895326471167894352324175896
150200006004059008000100050080000901020000070507000080030001000700480600200006095 159248736374659128862137459483725961926813574517964382638591247795482613241376895
030580001800060030000002000123000700650000083007000196000600000010040005500027060 234589671875461932961372548123896754659714283487235196392658417716943825548127369
068000320005000900700821006900040002000000000000276000090080040040193070070000030 468957321215634987739821456956348712327519864184276593693782145542193678871465239
030701050240080019900000008009204500004050300100000002500809003000070000002603900 836791254245386719917542638789234561624158397153967842561829473398475126472613985
048000760200000004050104080009040600000217000000000000005706100300000009070809020 148392765297685314653174982729548631536217498814963257985726143362451879471839526
006090700000005600340700002060157300700406005001932070200008031004500000003070500 126894753978325614345761892462157389739486125581932476257648931894513267613279548
920000057000804000060000030130209074000000000070145020609070302080000090003000600 928613457317854269564792138135269874492387516876145923649571382281436795753928641
200073000008200400700000280920350040400020005050041062067000004004007500000130006 245873619638219457719465283921356748476928135853741962167582394384697521592134876
000003000081070390036001780609000000010050070000000409042500630067090540000800000 795483162281675394436921785679148253314259876528736419942517638867392541153864927
000700030090004200301605000000006010084010590060400000000503104002800060040001000 458729631697134285321685749235976418784312596169458372876593124512847963943261857
049000000700004000003000510000093000031875690000460000026000700000100006000000850 849516273715324968263789514687293145431875692952461387526948731398157426174632859
340100095100500208050000000000050073000948000610030000000000040401009006980006021 348127695197564238256893417824651973573948162619732584762315849431289756985476321
008009000060000430027030608200904000006080900000607001804090210075000040000300700 348569172169872435527431698281954367756183924493627581834795216975216843612348759
000459000020000050000080000003060500005207400210000098001000200870000043094000860 137459682628173954459682317743968521985217436216345798561834279872596143394721865
000109600800200700006003040408000205900000001301000904030400800009005002004802000 745189623813264759296753148468931275927548361351627984532416897689375412174892536
010900700005001004700800010050030901000207000304080060040003009100400200009006040 418965723625371894793842615852634971961257438374189562546723189137498256289516347
031800409000000070640090003002000050800010006070000900700080032050000000309006140 531827469928463571647195283162938754895714326473652918714589632256341897389276145
100700004020010800847000001000809000780000053000603000200000419008090020400005007 159728634623914875847536291534879162786142953912653748265387419378491526491265387
000060000790000032000000000000403000500109003001070800040206010006508300800000009 352967481794815632618324957289453176567189243431672895945236718176598324823741569
000050000100203007506809204004000800000000000020705040640090028050000010900000006 432657189198243567576819234314926875765184392829735641643591728257468913981372456
056040010200008503030006004082000000600000001000000720100600030307900008090010650 756243819241798563938156274582471396679532481413869725125684937367925148894317652
504217006068000103000000000800065000006803900000470005000000000609000510100652409 534217896768549123912386754871965342456823971293471685345198267629734518187652439
000702406100003700090000000000020390006408500043010000000000030002800007408301000 835792416124563789697184253581627394976438521243915678719246835362859147458371962
090060040500408002000000000300821005480000013000000000030147060700050008020306050 298763541573418692614592387369821475482675913157934826835147269746259138921386754
000360520020000000009470000200000008018040230400000005000086100000000050086097000 871369524624851793539472681257913468918645237463728915345286179792134856186597342
060401020300070001080000030000000000607309208400020009020904080000503000005080600 769431825354872961281695734592148376617359248438726159123964587876513492945287613
040600530007800060800000001000400050700158009080009000600000005090002300032005080 941627538357814962826593741219476853763158429485239176674381295598762314132945687
600000008002607100010803020000142000070000050000080000096000510008000600230060089 659214378382697145417853926563142897874936251921785463796328514148579632235461789
104000903000000000030000050000020000620307014000090000200908006060573080098602430 184765923572139648936284751815426397629357814347891562253948176461573289798612435
500204007000080000004307200680509041070000020100603005001000800820040019000000000 568294137237186594914357268682579341375418926149623785451962873823745619796831452
078020590000000000001000200800307004100050009705000108000030000009271300053090410 378124596924563871561789243892317654146852739735946128617435982489271365253698417
030001070810700094009004500907105040000040000040207805001300400350002087090500020 432951678815736294679824531967185342528643719143297865281379456356412987794568123
007002000060030070003700209800407600040010030005803004306008500070050020000900400 987162345264539178153784269832497651749615832615823794396248517478351926521976483
400125009500609007000080000601000503380000094005090100200010008007000200030000010 478125639513649827926387451691274583382561794745893162259416378167938245834752916
000000000540020038800107004004000900036070820000000000090000080001609700008000200 319845672547926138862137594284563917936471825175298346693752481421689753758314269
007600050000705360000010090001009007680000019500300400060050000038904000040006100 317692854294785361856413792421869537683547219579321486762158943138974625945236178
040007090300000007002310500800905400007000800009108003003089100100000002050700030 648257391315894267792316584831975426567432819429168753273689145186543972954721638
500301008000000000009608200030000050100080007405000609000000000020509060001436700 562341978814792536379658214237964851196285347485173629643827195728519463951436782
007000100000040000042596370006308900050020080038050460000000000090030050800000004 567283149389741526142596378426378915951624783738159462213465897694837251875912634
080002407000004900100083000700000350003000100041000008000290004007800000502300010 986152437325674981174983625769418352853726149241539768638291574417865293592347816
000176000000000000500090006060000010100204007403000209200060001070423060080000070 824176593619345728537892146762589314198234657453617289245768931971423865386951472
006040700500703008007000200070060020602000801900201004000534000000070000450020087 196842735524793168387615249871469523642357891935281674768534912213978456459126387
007009000003500004902046000070000260030060040098000010000420803400008100000600400 847319625163572984952846731574183269231967548698254317716425893429738156385691472
056007300100000007004095600005040060010000020040030800001520900500000001003600570 256817349189463257734295618925748163318956724647132895871524936562379481493681572
008079600090001050700000002940706000600030007000504096100000004070400030003190200 538279641296841753714653982941786325685932417327514896169328574872465139453197268
060010070000458000000000000008102500001090800600000003900607001052080790000000000 869213475217458639534769182798132564341596827625874913983647251452381796176925348
005008900090001000700000083500000300000567000004000008860000004000300020003900600 235478916698231745741695283516849372382567491974123568869752134457316829123984657
010400730207080001400700090000000102070000080903000000020004006500070809049008020 816492735297385461435761298654839172172546983983127654728954316561273849349618527
040060070301009005007003640072000000400050003000000250024600500800400902030020080 945862371361749825287513649572386194498251763613974258124698537856437912739125486
060019000780003500320800000000120000030000060000094000000008051006700082000650040 564219837781463529329875416847126395932587164615394278273948651456731982198652743
004803500930000082007090300000000000001752400300000008010409020000605000400010009 164823597935174682287596314542368971891752436376941258618439725729685143453217869
409000002080010670060800003000501700070080050004602000800003060045090020200000408 419367582583219674762845913928531746376984251154672839897423165645198327231756498
900070061000608000802000070100020050090846010080010002020000506000307000310060007 953472861471638295862951374134729658295846713687513942728194536546387129319265487
000080000900040002308769405000010000800904001006000900004090500701302608000000000 147285396965143872328769415479618253853924761216537984634891527791352648582476139
000605000030020070800070004700498003050000080180000062360000051000139000000000000 247685139631924875895371624726498513953216487184753962369842751578139246412567398
002100000006003902010000470200031007078040130500680009064000020907300500000008700 492176853786453912315829476249531687678942135531687249864795321927314568153268794
000200109000750200300001470003009708000040000206100300048300007009082000602007000 784236159961754283325891476413529768897643512256178394148365927579482631632917845
000007980820500670360000000200801050000000000080309006000000098018004065095200000 541627983829513674367498512276841359953762841184359726632175498718934265495286137
010000090409000307300080002000000000070906010090402030050060020001020500700000001 817243695429615387365789142243871956578936214196452738954167823681324579732598461
000000000300906008027305910000000000804030201006572800002000400700000003900764002 689417325315926748427385916273841569854639271196572834562193487741258693938764152
007906800060000020500030001000403000006000200080050040070304010200000003600107005 327916854961548327548732961192463578456871239783259146875394612214685793639127485
000000000310000059609000308001657900000802000580903064400060001000501000050000030 875394612314286759629175348241657983963842175587913264432768591798531426156429837
604090503009000000300005029003406000500000001000508200130700006000000700407050902 624197583859263147371845629293416875548972361716538294132789456965324718487651932
000004009000020500600807310007060054000000000260070900025901007006040000800500000 582314679713629548649857312937268154458193726261475983325981467196742835874536291
000020000060000040201304908020000010300706005014000680100040006070000090000138000 847629531963851742251374968726485319389716425514293687132947856478562193695138274
070001000000780000800940006204006700900070003001300409500027008000039000000600020 375261894649785132812943576234896751956174283781352469563427918128539647497618325
800000001006090300020050070400030007760000089100020004070000010000205000000961000 837642951546197328921358476452839167763514289198726534279483615614275893385961742
260010005047500190000000000000007040406000807020100000000000000058009670100050039 263914785847562193915783264581637942436295817729148356694371528358429671172856439
000000000810000075500729008007000100000104000350000029060000030002090500000547000 276815394819463275534729618647952183928134756351678429465281937782396541193547862
100000004090000050030608070006080700300000006745000938601020307400567001000000000 167953824894172653532648179916385742328794516745216938651429387483567291279831465
006015040100000006209060000000008030502090708080100000000020807700000003050740900 876215349145839276239467185914678532562394718387152694493521867721986453658743921
070000080020040005634000900701005030000030000050100809006000158900060020010000090 579612384128943765634578912791485236862739541453126879346297158985361427217854693
000000000300000001490000027805070102002090800007000300000302000004759600000608000 721564938358927461496831527835476192642193875917285346569312784284759613173648259
200000006001060300600508001006090500040010030900000007095000720002070900008000600 274931856581764392639528471126397584847615239953482167395146728462873915718259643
800604009200309007000050000020106040014000320090000010042805160083000590000000000 875614239261389457439257681527136948614798325398542716942875163783461592156923874
104508907003010500250000034006000300900000008000762000000406000600329001000000000 164538927793214586258697134476985312925143768381762495819456273647329851532871649
060000900000001000107009685058007004000030000400500760821700409000400000003000070 264385917985671342137249685358167294672934851419528763821756439796413528543892176
000000008609380200000620040530000009000936000800000074050079000001063402300000000 123495768649387251785621943532748619417936825896152374254879136971563482368214597
020673010400000002001000900100000006000147000008000300060000090004030700200705003 925673814476891532831524967192358476653147289748269351367482195514936728289715643
900845007080000030000206000600304008000050000300080001509000204230090056000000000 963845127482917635157236849621374598874159362395682471519763284238491756746528913
060000030000782000107000508002803600000050000680000059030625040070090020000000000 468519732395782416127364598952843671713956284684271359831625947576498123249137865
060010500040005028801009600096301000500000006000506230005700309670900080009060050 362418597947635128851279643296341875534827916718596234125784369673952481489163752
705402806090506030400000005000000000000348000900000001600801003001020400002704100 735492816198576234426183975264915387517348692983267541649851723371629458852734169
000040690500020000190000024030700000009802700000004080950000036000080005086030000 273145698564928317198673524835791462419862753627354189952417836341286975786539241
004120030870000090002000407000080005700902003600030000409000600020000084010048300 954127836873564291162893457231786945748952163695431728489375612327619584516248379
600800205070600080400009000004503092000000000960204300000300001090005020705008003 639841275571632489428759136814573692352986714967214358286397541193465827745128963
120008009000210700000049100005000081001070200360000500004160000009083000700900013 126758349943216758587349162475632981891475236362891574234167895619583427758924613
041650007300010005006030900060000000003109800000000090007020500600040008800095160 941658237372914685586237914769482351453169872218573496137826549695341728824795163
069040030400109008000020004040000010506010903030000070800090000600203009090050720 269548137473169258158327694742935816586712943931684572827491365615273489394856721
008000001060100040100023000005900260009050300032008500000270006090004070700000100 928547631563189742147623958875931264619452387432768519381275496296314875754896123
001304900084000030700000024500241009000906000400857006240000003060000170007503400 621384957984725631753619824536241789178936245492857316249178563365492178817563492
008200040300065800040000003060070005010608020200090060600000030007920004050006100 178239546392465817546817293963172485715648329284593761621754938837921654459386172
009005200006097100750000039960000000030050010000000083190000042004830700005200300 389415276246397158751628439967183524438952617512764983193576842624831795875249361
000208000000900820500010097130000509000000000607000041280060003043009000000502000 469278135371956824528413697132647589854391762697825341285764913743189256916532478
000080000300405006050321040061040590507000104090000070009010700080000020700000005 142786359378495216956321847861247593527639184493158672239514768685973421714862935
039000460604809305200030007001000500000000000080010020500201003006397800000000000 839175462674829315215436987461782539752963148983514726598241673126397854347658291
000009081009003465003006790070230000000605000000098070037800100921300800480900000 746529381219783465853146792578231946394675218162498573637854129921367854485912637
000030502010050076260000000100007020008000100030200009000000048670080050802090000 487631592913852476265479381196347825728965134534218769351726948679184253842593617
072000490000907000100403005000148000000030000900000001069080530080000060004050700 372815496456927318198463275627148953841539627935672841769281534583794162214356789
070900080000003050020870061018400009009060800400009710640098070080700000030002090 175926384896143257324875961218457639759361842463289715642598173981734526537612498
000010000900070005060205030040000020100000007036000410600050002090060070020904050 275318694913476285468295731749631528152849367836527419681753942594162873327984156
289000700000001004000060320950006007000070000100300095071090000400100000006000172 289543716763281954514769328958416237632975481147328695871692543425137869396854172
000638000009040800000000000106000405000209000800060003020504090010020050004106300 241638579569742831387951246196873425435219768872465913623584197918327654754196382
090401070700203006000000000582000741079080360003000800600702005010608020000010000 896451273754293186321876594582369741179584362463127859638742915915638427247915638
903000608000000000120000054000080000092000830501000206000697000007020500640508021 953214678764859312128376954376982145492165837581743296215697483837421569649538721
040000070006030900070040050900050008501308607400000001090000060800702009000905000 349521876256837914178649253967154328521398647483276591792483165815762439634915782
000402000520000073008030100009704800080020050000309000015607340000000000006040700 193472586524861973678935124269754831387126459451389267815697342742513698936248715
031040900090003064406700103010000500300060001002000040508004702120800050004020610 231648975795213864486759123817432596349567281652981347568194732123876459974325618
005600800010800020200001003803000000401050906000000307700900001030007060008006500 395672814614839725287541693863794152471253986952168347726985431539417268148326579
000400000020016007087900104000000295003050800659000000905008470400190050000004000 196487532524316987387925164748631295213759846659842713935268471472193658861574329
000003500200000040508040910700000300050407080006000001087090605010000008002300000 694813572231975846578642913729581364153467289846239751387194625915726438462358197
000900020400070000005406700002000408030020010107000600006508300000010006050009000 673985124489172563215436789562391478834627915197854632726548391948713256351269847
000901060000000003156080900604017300000000000007360408001090854200000000090104000 483971562972546183156283947624817395839425671517369428361792854245638719798154236
006208000207054000030000002000801020304000706080307000900000040000470908000503200 146238597297654813835719462759861324314925786682347159973182645521476938468593271
100080007500309008082167350007000500300000004290010073000000000728090431000020000 139285647576349128482167359847932516361758294295614873653471982728596431914823765
070000060000904000803000204030406080010705040000000000000010000602000701100308005 471253869526984317893167254735496182218735946964821573357612498682549731149378625
000050000000601000050080070070364020009000600000908000020070040040000080063805790 812759463497631258356482971571364829289517634634928517928176345745293186163845792
600803009008000500007601800070904050005000200080060090000030000301000405000507000 612853749938472516547691823176924358495318267283765194754136982361289475829547631
410000030000006090076009001000002040800915007030400000100800560090600000040000072 419758236285136794376249851751362948864915327932487615123874569597621483648593172
560000003200030060000900405906500000030040050000009801609008000070050004100000076 564827193291435768783916425916583247837142659425769831649378512372651984158294376
506000401000000000120090053003506200000030000200070006050010090007050800800209005 596328471374165928128794653713586249465932187289471536652817394947653812831249765
900060007081700020004502680003000840200000003056000700067209300040006270500070006 925861437681734925374592681713625849298147563456983712867219354149356278532478196
020007091010002000000910500003050000502000306000060400006025000000700040750400080 325647891918532764674918532863154927542879316197263458486325179239781645751496283
803000602040060070000080000007000400000359000280000013705000806060000020090206030 873914652142563978956782341537128469614359287289647513725431896361895724498276135
000206080920000016000010005075000069003705800890000570600040000730000058080103000 517236984928574316346918725475382169163795842892461573659847231731629458284153697
150020046200070008009451200000000000006030400300804009005000600910000074030000020 157328946243976518869451237478592163596137482321864759785243691912685374634719825
057009080900006070000520000503000000080103020000000106000064000040200007020700340 257319684931846572864527913513672498486193725792458136378964251149235867625781349
000000000008137500710000092080000020130040087604000109300608004000050000020090010 465289371298137546713564892987316425132945687654872139371628954849751263526493718
570000048800500602060003000007305020000090000080204500000600090103008006620000083 571926348839547612264183957417365829352891764986274531748632195193458276625719483
