020900000048000031000063020009407003003080200400105600030570000250000180000006050 325941768648752931971863524569427813713689245482135679136578492257394186894216357
100800570000009210090040000300900050007000300020006008000020040071400000064007003 143862579658739214792541836316978452987254361425316798839625147271493685564187923
002000800005020100460000029130060052009080400000302000006070200700000008020519070 312947865985623147467851329138764952279185436654392781596478213741236598823519674
802600009000058000006000401090406005020000040600203090205000900000970000100002804 812634579947158263536729481791486325328597146654213798265841937483975612179362854
070000120100000067000200004200040070710030049090070001300009000950000006067000080 579486123142395867683217594235941678716538249894672351328769415951824736467153982
054608003700004000800000020690000102000010000203000047070000006000500008900306410 154628793762934851839157624695743182487215369213869547571482936346591278928376415
000159000015000790000000000100405008280000067500728001000896000098010420000000000 347159682815642793962387154179465238284931567536728941421896375798513426653274819
000000000340000091701060408800000006010000020600205009060107050005020100030090060 298341675346758291751962438823479516519836724674215389462187953985623147137594862
206008309001002000700004012942060000000407000000080423620700004000200500309800206 256178349431692758798354612942563187183427965567981423625719834874236591319845276
100009570798040000600002000012000008000000000500000320000300005000070416061200003 123689574798543162654712839912437658386125947547896321479361285235978416861254793
009610720001050004000000010000400109000185000507002000080000000700090200045027300 439618725671259834258734916826473159394185672517962483182346597763591248945827361
002806100000090000300000007003000200600704008820000045000010000140080063030050080 592876134784391526361245897413568279659724318827139645978613452145982763236457981
010609070020701050050000090200000005000040000604805302060000080009010600000502000 413659278926781453857423196298136745135247869674895312362974581549318627781562934
070090050500010006004000800001904300003000600960000085000000000006807100040000030 678493251539218746214576893851964372423785619967132485182349567396857124745621938
038000006290010000540800100000100000020060040000004000004006051000090073300000290 138547926297613485546829137459172368721368549683954712974236851812495673365781294
004060900860000014003000700000000000950642071600080002000000000025000680480010059 274165938869723514513894726742931865958642371631587492396258147125479683487316259
450000027000050000006040800014709560090000080005020700100203008023000190000090000 451368927382957641976142835814739562297516384635824719169273458723485196548691273
060070080107000503050104090001000800600305009034206710000020000000907000000601000 269573184147892563853164297521749836678315429934286715796428351312957648485631972
030000000002379004004008100000080097006000500520010000008700400100834700000000080 837451269612379854954268173341582697786943512529617348268795431195834726473126985
800000905039080620720004080002090000070406030000030100090800062048070510607000004 816723945439581627725964381382197456971456238564238179193845762248679513657312894
300006089690800070001200300400000910000020000035000002003008500040003091950700004 372456189694831275581297346426375918819624753735189462163948527247563891958712634
010006800060000000324000067000048090000709000030210000540000376000000040002600050 915476823867523419324981567256348791481769235739215684548192376693857142172634958
087000910200000005000809000000030000305060802900000006800010007060000020002674500 587326914293147685416859273648732159375961842921485736859213467764598321132674598
008509600760000094000000000000040000090802030800000002070396020009020400030000050 248539617765218394913467285326941578497852136851673942574396821189725463632184759
003040900000207000010000050029403570580102093001000800005020600000000000060501080 273645918958217364416398752629483571587162493341759826195824637832976145764531289
000030000092040008016800200500003700000080000008700009001004970400020160000050000 845231697792546318316879254524693781179482536638715429281364975457928163963157842
200709005600030002400000007002000400000104000000567000840000063029000810007000500 213789645678435192495216387152398476736124958984567231841952763529673814367841529
009040000080000045400005639000520000030000050000039000794200001320000080000010300 579346128683192745412875639167528493938461257245739816794283561321657984856914372
540900006000002708070430000080000901009040300602000050000021080107600000800004027 541987236963512748278436519485263971719845362632179854394721685127658493856394127
000402000000709000052000930023601450400375006000000000000000000008903600306000702 689432571134759268752186934823691457491375826567824319945267183278913645316548792
000020000059700420080031060006000090705060102030000500090810070023007850000050000 461529738359786421287431965816245397745963182932178546594812673123697854678354219
007890100030006080608000503020000006900010002800000050702000309040900020003087600 257893164439156287618724593321549876975618432864372951782465319546931728193287645
270000060000500900000001005608050700000376000009040306900600000006003000050000084 275894163461532978893761425638159742524376819719248356947685231186423597352917684
000709020050008309008300000092000074000040000310000580000004800201900060030801000 143759628756428319928316745692583174875142936314697582567234891281975463439861257
000809000043000870020000010300020009000308000010000020607000402084205690200704001 761849253943152876825673914378526149492318765516497328657981432184235697239764581
009370008000061009060090700000004000530020091000900000004010050300250000100047200 419372568857461329263598714972184635538726491641935872724813956386259147195647283
036000200000084006100600004010090300050406020008070010300005001800730000009000870 436951287297384156185627934714298365953416728628573419372845691861739542549162873
920504038000603000000070000105000806400108002007060500002000900740000051300020007 926514738874693125513872469135247896469158372287369514652781943748936251391425687
000000000418060030270830000006002805300050007801900300000094063040080791000000000 563429178418765239279831654796312845324658917851947326187294563642583791935176482
830060004000902007000310000040000280103000405028000070000079000200401000500030061 832765914416982357759314628645197283173826495928543176381679542267451839594238761
001000009607210350580400000010600000053000620000007010000002038078065902300000100 431756289697218354582439761714623895853941627269587413946172538178365942325894176
000000360050040008000852001007500000260000053000006900600294000700030040041000000 824917365159643728376852491937521684268479153415386972683294517792135846541768239
000000020000000609800501007000014070318090546020630000500708002204000000030000000 673489125145372689892561437956814273318297546427635918561748392284953761739126854
000000920906350000408009630009000070010080090030000100091600407000018309084000000 173846925926351748458729631249165873617283594835974162591632487762418359384597216
000065008000710004900000370080000703050020040204000050018000006500036000300890000 742365198835719264961248375689451723153627849274983651418572936597136482326894517
090030020005806100730000085007109800000403000010000050000000000580000079900501002 198735624245896137736214985357129846862453791419678253623947518581362479974581362
016030290003000800490000076000904000000000000600105009200040005570000068001000400 816537294723496851495281376152974683947863512638125749269748135574312968381659427
050603020800174006000000000700000003004305600010090040000000000400010002520000067 159683724832174956647259138765841293984325671213796845378462519496517382521938467
000000000805040709340080056030275040500403001000000000900138007010000060000506000 792651384865342719341987256139275648528463971674819532956138427213794865487526193
003600010000040050060012000040200875010000020528004030000350040030090000090008100 253679418971843256864512397649231875317985624528764931182356749436197582795428163
603000000002050630000040870501300060000507000020006901018060000039070500000000209 643728195872159634195643872581392467964517328327486951218965743439271586756834219
000502000060070080250308076000000000000403000830000095043000210900000003020907050 478562931369174582251398476612859347597413628834726195743685219985241763126937854
000952000000000000061040520000136000100020007080000060203807401500000003000090000 437952816925681374861743529759136248146528937382479165293867451578214693614395782
008020500003806700040000080009000300800643005300000004180405069000781000000000000 798124536253896741641357982469512378872643195315978624187435269926781453534269817
007300000802040000603209000000000956000000000748000000000608401000090602000002300 497351268812746539653289714321874956569123847748965123275638491134597682986412375
070809040060010050000635000810000024003000700040050060700000005500461008000070000 175829346368714952294635187817396524653248791942157863726983415539461278481572639
000000084400000900108400276000910407000602000306045000943008605001000002850000000 569127384427836951138459276285913467714682593396745128943278615671594832852361749
070103050400000002018020730002958600091604280000000000900000007060010040004080500 279163458453897162618425739342958671791634285586271394925346817867512943134789526
200071500600000009800500000070025000090060040000740050000002005900000001006390004 249671538635284719817539426478925163592163847361748952783412695924856371156397284
802005070000092000500400000100000060960020054040000007000009006000350000010800302 892635471476192835531487629157948263968723154243516987384279516629351748715864392
400908003080304060002605100010000050703000901005030700070206010009000400000050000 456918273187324569932675148218749356743562981695831724374296815569187432821453697
000020000060000040902000306000040000045030710700000008420901083000302000089050120 134726859867593241952418376298147635645839712713265498426971583571382964389654127
000759100000003900941006300124000008600000001800000294005800623006500000002967000 238759146567143982941286357124395768679428531853671294795814623416532879382967415
002000030810060050003002708004796000020308010000215800608500200050070081030000600 562487139817963452943152768184796523725348916396215847678531294259674381431829675
280306095030902060000000000300000008004000700890000016008000100700683002000090000 287316495435972861619845327376159248154268739892437516968524173741683952523791684
040000010001000700009807500036040280400602009000000000005704900003060400060905030 647593812851426793329817564736149285418652379592378641185734926973261458264985137
010090000005010308032000540000321000820609034000784000089000470501030900000040010 418593762765412398932876541694321857827659134153784629289165473541237986376948215
508009004001060800070204015906000700040000060005000208150802090004050100800600502 528179634491365827673284915986423751742518369315796248157832496264957183839641572
837005000001630800000900100000000067000302000750000000008003000009024300000500724 837215649491637852625948173983451267164372598752896431248763915579124386316589724
070002090100005403035000600740306000000000000000708014007000960903800002020100080 678432591192685473435971628741326859289514736356798214817243965963857142524169387
000005073007109002600000900100800500020030090004006001001000009800407300970200000 249685173357149682618372954193824567526731498784956231431568729862497315975213846
000800010000036500050000083800360070600509002090048001180000090002490000040001000 326854719978136524451927683814362975637519842295748361183275496762493158549681237
000815000706000805900000003402000608800070004070000030000306000060709010090040060 324815796716934825985267143452193678831672954679458231147326589563789412298541367
000006002912008000708900500020670008000000000500082060009004107000800254100200000 345716892912548376768923541423675918876139425591482763259364187637891254184257639
009300100000600007046007002090000081000010000680000090500200710400001000007004800 279345168135682947846197532792456381354918276681723495568239714423871659917564823
080000050700300608029050100000407080003090200060502000008040510904005003070000040 381624759745319628629758134192467385453891276867532491238946517914275863576183942
003000051006054020040309000017000040600000009050000370000702030030810700870000600 293687451786154923145329867317968245624573189958241376461792538532816794879435612
040050090030108050006000100000020000200040001600317002305000907010000080000593000 841752693937168254526934178174625839253849761698317542365481927419276385782593416
709000400000040006800906000007300080080604020020008100000703002400060000005000901 769231458251847396834956217147329685583614729926578134618793542492165873375482961
500030002308000605000105000000050000051000240004601300025704860000000000140000029 579836412318247695462195738736452981851973246294681357925714863683529174147368529
003400090098073001200000000080002700020000080006300020000000009900860370050001600 763415298598273461241689537389142756425796183176358924634527819912864375857931642
007000500000109000090587010020000050030852060000030000304000605906000203270000081 147326598852149736693587412428671359739852164561934827314298675986715243275463981
001000900307000408400030001700000003900106002060305010093804120000050000000901000 681247935327519468459638271715492683938176542264385719593864127142753896876921354
500728006407050000006000800032040000800000004000010720008000400000080109200631008 591728346487356291326194857132947685875263914964815723618579432753482169249631578
000860001052940000000050089503000004400000002200000308730080000000094810900026000 349867521852941637176253489583612974497538162261479358734185296625794813918326745
060000020000000000290000053000000000607108205008326700100465007000000000005907800 761539428853642971294871653329754186647198235518326749182465397976283514435917862
270000053000000000800709002060203010000904000001060200003040100700000004040607090 274186953639425781815739642568273419327914865491568237953842176786391524142657398
900000001250000076800000009000609000030174050000000000005040100000803000040702030 964327581251498376873561249528639714639174852417285693385946127792813465146752938
980000024000040000026000570000105000060000040001402300704903208005000900000080000 983517624157246839426839571348165792269378145571492386714953268835624917692781453
060000020279000863000000000000904000603000204040235070030598010008000600500000008 164873529279451863385629147752964381693187254841235976436598712918742635527316498
000609000000050000608401209065000970031000540700000002000090000074000820100080007 412639758397258164658471239265843971831927546749165382586792413974316825123584697
050000060869000714000804000000607000004030800700040003900000001001050400073000650 452719368869523714317864925538697142194235876726148593945376281681952437273481659
009084000070100060003000805700605080400000007050407006205000700080003010000840600 569384271872159364143726895721635489496218537358497126235961748684573912917842653
009003500180702400000000002300050000700000003000040005800000000003609027006400800 429863571185792436637514982312956748754128693968347215891275364543689127276431859
120504086500086007000700000350000904010000070906000051000008000600470009730605048 127594386593286417864713592358167924412859673976342851241938765685471239739625148
061000000007602001009001576032807060000000000070306210256900800900203600000000190 461759328587632941329481576132897465694125783875346219256914837918273654743568192
470000095300804007000607000006105400003070100020406070207000508050040030000000000 478312695369854217512697384796185423843279156125436879237961548651748932984523761
902007030700900601060000000540090000009080500000060019000000020305008006020300804 982617435753942681461835297547291368619783542238564719874156923395428176126379854
000924037029005000040030000070000003095000680200000050000060040000100970580493000 856924137329715864741638529178256493495371682263849751912567348634182975587493216
001000000720800006060004801100209004400108007200605009905300070300007095000000100 891526743724813956563794821136279584459138267278645319985361472312487695647952138
002107300860304019000000000058000420020010090007000600600409003080000070500000006 942157368865324719713968542358796421426513897197842635671489253289635174534271986
009050800076809502050000009025080000080901060000070380700000050502704930004060700 249156873176839542853427619425683197387941265691275384718392456562714938934568721
003050700405000806067000520040107090008030100000904000000000000000293000800040003 283456719415729836967318524542167398698532147731984652324875961176293485859641273
000000000000010000080206050300000006690503078001908400006040700000000000205307804 163859247952714683487236951328471596694523178571968432836145729749682315215397864
000000054006030800200740000000500309080060020901007000000029001003070500670000000 317892654496135872258746913762514389584963127931287465845629731123478596679351248
800000007000010000000352000009060300000000000008207600201905704650000023030000080 812649537593718246476352819129564378765183492348297651281935764654871923937426185
000000040000004900610908000400000052027406890890000006000502078009700000030000000 985327641372164985614958237461839752527416893893275416146592378259783164738641529
053000420007508600008020900000050000200000004090784010104000807000000000002607100 953176428427598631618423975841352769275961384396784512164239857739815246582647193
004000500000024008095700006070060081050090040830070050900007860300940000007000200 784619523613524798295738416479265381152893647836471952921357864368942175547186239
006070021800000450000005600030008075000706000790100060004200000057000003260030700 546879321871362459923415687632948175418756932795123864384297516157684293269531748
830000047006301900000000000007508400900020005350000016460209071000070000028000590 831952647576341982249867153617538429984126735352794816465289371193475268728613594
083000450020050090600982003000030000001405300300627004000000000508000901060000030 983761452127354698654982713246138579871495326395627184719843265538276941462519837
000800400900415000056020008000000600703000209005000000300070140000946003002003000 127869435938415762456327918294738651713654289865291374389572146571946823642183597
020093000090007028000680000630000900409000302008000075000079000760300010000410030 821593764396147528574682193637825941459761382218934675143279856762358419985416237
039000680010000030600000009000070000040090050000851000002685400080030070006020500 239517684418962735657348129925473861841296357763851942172685493584139276396724518
000030000608900020005060019000020005480503061700040000570090200030002107000010000 297134586618957324345268719163829475482573961759641832571396248936482157824715693
300000006500000001090000040069503120070901050030406070007040300620010085000000000 382154796546897231791362548869573124274981653135426879957648312623719485418235967
000010000501742309000539000307000801100000006900000007000291000060307010002000700 293816574581742369674539182347965821128473956956128437735291648469387215812654793
000741000800000007020805010900103004050000030200050008030408070592000843000000000 369741582815362497427895316986173254154286739273954168631428975592617843748539621
000802000050040600480000100000300004076000520900006000001000073008020050000107000 167832945253941687489765132812359764376418529945276318621594873798623451534187296
004000080500347000003805407069702140040000070027104890908201600000569008050000900 274916583581347269693825417869732145145698372327154896938271654412569738756483921
068000500001009000000047003004005008200030005800600900600970000000300200005000370 768123549341569782529847163174295638296738415853614927632971854487356291915482376
008000100006104500001957400007403800090000040000020000000208000800301007030000060 548632179976184532321957486617493825295816743483725691759268314862341957134579268
704001009060000420020500001500040900000908000001020008900006040017000060200300107 734261589165879423829534671582147936673958214491623758958716342317492865246385197
800400050100000234040006001600309010000508000080104005200600040718000003060001007 827413659196785234543296781654379812371528496982164375239657148718942563465831927
010605020000030000000402000000000000006107800050964070065020130009000200780010064 814695723627831945593472618971283456346157892258964371465728139139546287782319564
007809500800706004000000000000503000500040007003000100400000003001000200320901086 147839562852716934936452871714523698569148327283697145498265713671384259325971486
000009300050800010000026008005000080061453790090000400700630000020001030003900000 678519324352874916914326578435297681861453792297168453789632145526741839143985267
000000000006731200280605017700000003004308700900000006005000400801000302000263000 147982635596731284283645917712596843654328791938174526325817469861459372479263158
087000000002070005000026040850200000009040100000001052070980000500030400000000310 687415239412379685935826741851263974729548163346791852173984526568132497294657318
370000800001070002000000041000600059000809000610003000820000000900030600005000094 374921865561478932298365741482617359753849126619253487826194573947532618135786294
400006802030000407608007001000784020000000000040593000900800704804000010102400009 497156832531928467628347591315784926789261345246593178963812754854679213172435689
053068090010700300006000008009000600040381070001000500300000400002004050080610930 253168794418729365976543128839275641645381279721496583397852416162934857584617932
008607200070090080060508090000000000040901050000364000200040005700000003605030409 958617234172493586463528791319285647846971352527364918231749865794856123685132479
052000000000879000060200030040002008509000206600500040030001020000385000000000180 752163894314879652968254731143692578589437216627518349836741925291385467475926183
008010030000250800090000027500007040780020015060500003170000090009072000050090300 428716539317259864695438127531987246784623915962541783173865492849372651256194378
100900030000020005540700009800500060050108040010004008300007082900030000070009003 128945736739826415546713829894572361653198247217364598361457982985231674472689153
040200000902050008700481000000012000053000780000530000000325006300070109000008050 548269317912753648736481295679812534153946782824537961491325876385674129267198453
100000003080070060006020800304701602200000004010000030043000120020000080801205306 172658943485973261936124857354781692268539714719462538643897125527316489891245376
900040003000906000002507400006070900005000800000814000090201080000703000120000039 958142673741936258362587491816375942435629817279814365693251784584793126127468539
500163004006000300000804000010647020000000000050982070700000008140578069000090000 572163894486759312931824657318647925297315486654982173769231548143578269825496731
001280400000003000304005207073000001400060002600000980805700304000800000009052100 951287436267143859384695217573928641498361572612574983825716394146839725739452168
009180600040005080800000009010327005700901006500468010100000004060200070005046200 239184657641795382857632149416327895783951426592468713128573964364219578975846231
070420300004000107810000040000607004700030006300804000050000083408000900007089050 576421398294358167813976245182697534749235816365814729951742683428563971637189452
000720053000005900000000008040390060300080005010052040800000000004800000290034000 469728153783165924125943678542397861376481295918652347857216439634879512291534786
030000050009807003400010008040230000001000900000064080500040007700903800080000040 238496751169857423457312698845239176621785934973164582592648317714923865386571249
710002305002000608000081000600004000054000170000200004000590000509000400801600092 718962345942375618365481927683714259254839176197256834426593781579128463831647592
040090010300000002000708000001203500090060030000409000000506000074000650063000840 846392715357614982129758364481273596792165438635489127918546273274831659563927841
107030502040000010062000930000108000081603720070000050010040090500309006000000000 197436582345892617862517934259178463481653729673924851716245398524389176938761245
000000703703500010080600004000800020300070009040009000100003090070002805605000000 254981763763524918981637254597846321316275489842319576128453697479162835635798142
005001086000207013060080000901000040000000000040000109000070060470506000250100400 725341986894267513163985724931652847587419632642738159319874265478526391256193478
867003200200004001040000639000049007000106000300270000426000050100400006008600413 867913245293564871541827639612349587754186392389275164426731958135498726978652413
200900310309000060000463008000095000005106200000320000500679000010000806094002005 268957314349281567157463928421795683835146279976328451583679142712534896694812735
005070610460000070300008004003957000900206008000834900500700006030000092098040700 285479613461325879379168524843957261957216348612834957524793186736581492198642735
701058302030900040200040001400000010302000409080000003900060008050007020607820904 741658392538912647296743581479236815362581479185479263923164758854397126617825934
700802900080060007600010508000600000250000089000004000803040001900050030007103002 715832946482965317639417528394628175256371489178594263863249751921756834547183692
007010000000068500038507609023701900560000087004806310305609120002130000000080700 657914238249368571138527649823741965561293487794856312385679124472135896916482753
040908010003000600005060300000010000020000080030205070400602003300104009200080007 642938715913527648785461392579816234124793586836245971498672153367154829251389467
000080005065020709008700020000040008040208010800030000080004900304050260900060000 237986145165423789498715326729641538543298617816537492682174953374859261951362874
704100000002080005000004301508070030070000010040020607906200000400090800000005109 734152986612389745895764321568971234279436518143528697986217453451693872327845169
060301700307008905002005000078000009000000000500000820000700100806500307003409050 965341782347268915182975463678124539429853671531697824254736198896512347713489256
100005024500000300060430000400109500005070100001603008000086070007000009940500003 139765824574298316268431795483129567695874132721653948352986471817342659946517283
030705090000109000070000040804000207093000680000403000209000103400000006000020000 632745891548139762971268345854691237193572684726483519269854173485317926317926458
080000090000090000040208050100000007050703040062904530300070006000309000070040020 683157294215496873947238651134825967859763142762914538391572486426389715578641329
000050006003600008007039200006300010100000005050007600001790400300006800900040000 298451376413672598567839241746385912132964785859127634621798453374516829985243167
409000070000070008008005130000007009040602080200300000067400800100050000020000901 419863275352174698678925134836517429741692583295348716967431852184259367523786941
670000000090200000450010000005902700140070086007108400000020059000006040000000017 678594123391287564452613978865942731149375286237168495786421359913756842524839617
000000000091080607030007805000005091005000700310600000906100020108020350000000000 784536912591284637632917845867345291425891763319672584976153428148729356253468179
720000095060208040300704002500942007000801000000030000010405030076000950000000000 724316895165298743398754612581942367937861524642537189819475236476123958253689471
400900580058000002000002000030700025009050100580004070000400000300000290076003008 427931586958647312613582947134769825769258134582314679891425763345876291276193458
008030090000907200000006004510000003000724000600000082300500000007309000090060500 468235791135947268729816354512698473983724615674153982346571829257389146891462537
000483000030201070000000000907040502400302007200805001095000480070000050000000000 726483195839251674514769328987146532451392867263875941195627483378914256642538719
005904200000601000400070005600185003200307008000000000040000090380020047760000032 175934286928651374436872915697185423254397168813246759542763891381529647769418532
019000070000800060000730048003000007090267080600000200130089000050006000040000850 819645372374892561265731948423958617591267483687314295136589724758426139942173856
007300009100080025500006010000200080300804006040001000020600003470090001900008200 287315649136489725594726318619253487352874196748961532821647953473592861965138274
070000030160090085000401000906000702280000049000070000009080600630010098000040000 475628931162397485893451267956834712287165349341279856719583624634712598528946173
090805040040000050005609200580060073007904800900708001032000580000302000000000000 291875346846123759375649218584261973617934825923758461132496587758312694469587132
008007000027000060000260079300702100009000700002804005190058000070000950000600300 638947521927185463541263879365792184489516732712834695196358247873421956254679318
600500001080000009004020637000805090010000040020703000198050300500000080300006005 673594821281637459954128637736845192815269743429713568198452376562371984347986215
300018500080090306900200000000000063840000071230000000000006005709030040008140007 372618594581497326964253718197524863845369271236781459423976185719835642658142937
900800100000032049000005200094000000058000630000000910002700000780310000005008006 926847153571632849843195267194263578258971634637584912462759381789316425315428796
080003000000480901065029700903000040046000520070000308004350810708012000000800070 189763254237485961465129783923578146846931527571246398694357812758612439312894675
000000000160000049200186005008000500970040086040608070700513002000000000000409000 857934261163257849294186735638791524972345186541628973786513492419862357325479618
000100904000352807000000020000009045012000630430600000070000000204571000803006000 325187964946352817187964523768239145512748639439615278671893452294571386853426791
000204000520000073007090200000631000006429300004000100080000010200318007000702000 318274569529186473647593281852631794176429358934857126783945612265318947491762835
004573600700000001000060000900000007006831900030040010009000700608000209300602005 194573628763428591825169473981256347476831952532947816219385764658714239347692185
000000000000513067903000000406050010020701040070030506000000409710249000000000000 167894325248513967953627184436958712529761843871432596382176459715249638694385271
600039800087024000000000001002007305005000200308200100200000000000410730004750009 641539827587124963923678451412867395765391248398245176276983514859416732134752689
007301900130000048900060005000050000203000809000804000000603000300000001800719003 457381962136295748928467135681952374243176859795834216519623487372548691864719523
074009000000004008000560007810347600007602100006198074200036000700900000000700520 674819235135274968982563417819347652347652189526198374258436791761925843493781526
070500602060927000000010004085000006007000900200000580500090000000351060604008050 379584612461927835852613794985732146147865923236149587513496278728351469694278351
001607300090000060600000008023000450006000800500498002000000000308050701070030080 281647395795283164634519278823761459946325817517498632152876943368954721479132586
000005006800400050000680040400090500005806200007050001060037000010004002700500000 941375826876412359352689147423791568195846273687253491264137985518964732739528614
450600009006970008000300020000000597040000080625000000080003000500049800300001042 452618379136972458798354621813426597947135286625897134284763915571249863369581742
003400100000702000204008709035000097000000000180000540501300904000501000002006800 793465182816792435254138769635814297427659318189273546561387924948521673372946851
540070600203000008600000500020097000004301700000680050009000005400000103005030084 541278639273965418698413527326597841854321796917684352139846275482759163765132984
206050307000003000507006801025000000600000009000000710709400205000900000108060904 296158347814793652537246891925617483671834529483529716769481235342975168158362974
460030019007000400010000030790856043100307005000000000801000604000080000073604950 468732519327591486915468732792856143186347295534129867851973624649285371273614958
930040680050690010000008000041000000005864100000000740000900000010085070089030024 937541682458692317162378459341759268725864193896213745574926831213485976689137524
208007006600400083000005002094000300000080000007000860300500000710006008400100507 248317956651429783973865142894652371536781294127943865382574619715296438469138527
000004056700000130004800090000018005003207400800340000030006200015000008670400000 192734856786529134354861792947618325563297481821345967438156279215973648679482513
000308000840000027030607010070185060004030800000000000007503400000000000013409780 751328946846951327932647518379185264124736859568294173687513492495872631213469785
600030005040000060000107000810000023000000000204000806090010070006502300400673001 621439785743285169958167234817946523569328417234751896395814672176592348482673951
090000060045000830108000405080602010600000007000501000006803700021000640007000100 793458261245167839168329475589672314612934587374581926456813792821795643937246158
004000900800309005060080030600000008090106070301020604000010000070000020005407300 534271986812369745769584132627943518498156273351728694943612857176835429285497361
004020060008400000610087000079008000050000080000500930000310094000002700030070500 794123865328456179615987342179238456453769281862541937287315694546892713931674528
006940070100007000000306001094000806300000004607000250900503000000600002030012600 526941378143827965879356421294735816351268794687194253962583147418679532735412689
030700005008000047000410093300245006000000000500839001650084000920000500800002070 432796815198523647765418293371245986289167354546839721657984132924371568813652479
006200075000985000040000008000506200300020007001307000200000080000672000790003600 986234175137985426542761398879546213354128967621397854263459781418672539795813642
004005600060302070007100030600000050100608004050000003040007300080206040009500800 314975682965382471827164539692413758173658294458729163246897315581236947739541826
000401000500000004014020680000000000020709060061000930050203010002090700000184000 298461357576938124314527689945316278823759461761842935459273816182695743637184592
000050801400000300028076000690400000080000060000008047000710430005000009903060000 376954821459182376128376594697431258284597163531628947862719435715243689943865712
004830050615009000000600000920000040006102300070000062000001000000900287030056400 294837156615429873387615924923568741456172398178394562749281635561943287832756419
500000007006090300090030080008613500000000000060502030000000000710060024800709006 583126497426897315197435682278613549351974268964582731649251873715368924832749156
009102300230060081600090002000000000801000403070080010000000000100576009700204005 489152367235467981617893542352641798861729453974385216526938174143576829798214635
000000000860000095030201080080000020700000003590702064009010400000504000000827000 157689342862473195934251687483165729726948513591732864279316458318594276645827931
200000004007400000004150960000806140009020600086905000015084700000007500300000006 261793854957468231834152967523876149749321685186945372615284793492637518378519426
000800070302060000007510290000000308081040960603000000015098600000070504020005000 159823476342769851867514293274956318581347962693182745415298637938671524726435189
000306000200040001000090000023000840040050010081000570050030060010507080800604007 179386425238745691465291738523179846647853219981462573754938162316527984892614357
005000200800907001904802607009105800000030000500000006008020300100070004002000700 675413289823967451914852637269145873481736592537289146798624315156378924342591768
080293050002000400000060000008030100000687000007501900500020001820305046010000080 481293657962758413753164829648932175195687234237541968574826391829315746316479582
000000000430000072009080300001908200058000740900504006026090510000010000300000007 782345691435169872169782354641978235258631749973524186826497513597213468314856927
030000090010502040095000860000726000006000200800104003000607000300010008500000006 437861592618592347295473861153726489746389215829154673982637154364915728571248936
700908005061040290050020010002000300005389600100000007000507000000861000000090000 723918465861745293954623718682174359475389621139256847296537184547861932318492576
805003020006020070000040003200000000307205806000000001900010000040080600060300904 875163429436529178192748563284631795317295846659874231928416357543987612761352984
504000007070100040000057003001506070007000200050804300100980000080005030400000902 514632897273198546968457123391526478847319265652874319126983754789245631435761982
007000800020901030000000000700000006890060052060594070170000025985020743000070000 437652819628941537519837264754218396891763452362594178173489625985126743246375981
600802005009104300100000004000090000200501003430000057050000010010306020002000500 643872195579164382128935674865793241297541863431628957356287419914356728782419536
000020108000001063100700050000032400080000020007190000030004005670500000504010000 763925148259841763148763259915632487386457921427198536831274695672589314594316872
001050700389720000500080002090400200000000000005008030100090004000045861008030900 421659783389721546567384192796413258834572619215968437152896374973245861648137925
097200006000004500080000000200180070700000003060095008000000030003400000100006890 597238146632914587481567329259183674718642953364795218976821435823459761145376892
090700600006080001100003070005308007030000080800607900080400003400030100001009040 293741658746582391158963274625398417937124586814657932589416723472835169361279845
001000400300000009789000351000186000600905003510020096000607000100592004400000002 261359478354718629789264351923186547648975213517423896892647135136592784475831962
960000028010020060204080905700030006000108000800000007300040002185000674002000500 967315428518924763234786915759432186643178259821659347376541892185293674492867531
520000060004000358080900004000500030100287005060003000200001080658000400040000097 523418769914672358786935124872564931139287645465193872297341586658729413341856297
800000600060008000000604507000400105520080096104006000601807000000900030007000008 875312649469578312312694587786439125523781496194256873631827954248965731957143268
000030000120050067080201050006010700000602000094000610058000130007000200000349000 465937821123458967789261453236514789871692345594873612958726134347185296612349578
060000020408200705090800010000304180000000000073602000080001090105007802020000070 367145928418239765592876314256394187941758236873612459784521693135967842629483571
090020001007010000086009000000001030605030204020600000000300820000040900800060050 594823761237416598186579342748251639615937284923684175461395827352748916879162453
340086007000100009002054600403000010109000206060000304007560900600002000900840062 341986527576123489892754631423679815159438276768215394287561943614392758935847162
300000060060025970000000300007003008000478000800500400001000000093760050020000003 374189265168325974952647381647293518215478639839516427581932746493761852726854193
000308000040020070001796800010000060960000021025000730600000002004080500000060000 756348219849521673231796854318472965967835421425619738683957142174283596592164387
000600050720900080005004900008106095000000000410208700002800500030007029040002000 983621457724935681165784932378146295256379148419258763692813574531467829847592316
000302000810000035000708000006020100020000090409000508050060040070040010300000006 965312487817694235243758961586429173721835694439176528158967342672543819394281756
908100005027000060000000080001006090040913050060400300080000000010000830400008506 938164275127835964654792183371526498842913657569487321286351749715649832493278516
400000608006700000300040050000574080005903100060128000040010009000007300809000007 471235698256789431398641752123574986785963124964128573547312869612897345839456217
027060340000209000900050002400823005050040060370000014001000500035000970000070000 527168349184239657963457182416823795859741263372596814741982536235614978698375421
907050408005309600300000002000145000800090007050000040000901000400000003760000085 917256438245389671386714592673145829824693157159827346538971264492568713761432985
807003090005010400000000800060001070700050008040600050002000000004090100080500206 817463592925718463436925817563281974791354628248679351352146789674892135189537246
803000904060000050000178000530000068002000100000040000000050000070090080600201009 813625974267934851459178623534719268792863145186542397928357416371496582645281739
000008100702300800008601045100900060006000900050003001230509600007002509009100000 465798132712345896398621745123957468876214953954863271231579684687432519549186327
403600500000450000600000004008013400904000307006940800700000002000078000002006701 493621578287459136651387294528713469914865327376942815765134982149278653832596741
403000006080000290090504008006109400000050000005607800100702050034000080200000701 413298576587361294692574138376189425821453967945627813168742359734915682259836741
680000071200607009500000003000376000000501000067000150008402700090000080700000004 684239571231657849579148623815376492942581367367924158158492736496713285723865914
000602890081097030000030070005000062092000750760000100010070000070260410026109000 347652891281497536659831274135784962492316758768925143814573629973268415526149387
050100800109300200000000710000750002200060005600028000092000000001007904004009070 356172849179384256428695713983751462247963185615428397792846531861537924534219678
150020089009000400000050000900000006076000530000080000007000900090602040028901360 153427689289163457764859123942315876876294531315786294637548912591632748428971365
000059003000000270000723050360000547005030900912000086080967000026000000700240000 247859613853416279691723458368192547475638921912574386584967132126385794739241865
000001500710000000000300104180900005003000200500007089409002000000000028005400000 398741562714265893256398174187923645963854217542617389439182756671539428825476931
080000030004962800006000900400203001100409008070050020301000209000000000800507003 289714536534962817716835942465283791123479658978156324351648279697321485842597163
900802006080010030100000007060598010008000600040060070001080900400000002000749000 934872156782615439156934827367598214518427693249361578671283945493156782825749361
710000084500090002200108006900020008030814050000000000890603025070000060006000400 713265984568497312249138576951326748637814259482759631894673125175942863326581497
000060000376000820001900076020050000010000040000080050480007900092000165000090000 259768314376145829841923576624351798518279643937486251485617932792834165163592487
009006070800020500040301000004000030000187000020000100000703050006040003090600800 219856374837429561645371289154962738963187425728534196481793652576248913392615847
300000708096300010800702030001090850000504000035080600080406001040005380209000004 352149768796358412814762935421697853678534129935281647583476291147925386269813574
006501800000000000900060002000000000501608407827000965030000080002807500058000790 246531879173289654985764312364975128591628437827143965739456281612897543458312796
000010000302050801800302005700030004004805300600000007009000200026000450500080006 945618732362957841871342695798136524214875369653429187489561273126793458537284916
500600040080000000000078902075800003800010004200006890106230000000000010050009007 593621748782954631614378952475892163869513274231746895146237589927485316358169427
080104030001030400304607902007060100030000070068010390090000020000000000010906050 689124537721539468354687912947362185135498276268715394596843721873251649412976853
030000040000908000809000502006000400020090080000436000080000020092060370073204860 237615948541928736869743512756182493324597681918436257685379124492861375173254869
200000005000502000090010030000803000083000570010409060950000016000000000706090402 261937845347582691895614237679853124483261579512479368954328716128746953736195482
005030080000280730200070009903000000140000058000000304400050003069018000050040900 715439682694285731238176549983524176146397258527861394471952863369718425852643917
000080000200000008304050702703608104000000000090000060000000000400070006030924050 971283645265749318384156792753698124146532987892417563528361479419875236637924851
005000000708901005000540260090106000000030000000702090017025000500304701000000400 645273918728961345139548267294156873871439526356782194417825639562394781983617452
040005000005870004060901507000000020910000086050000000106509070500013600000400050 741235869395876214268941537483697125912354786657128943136589472524713698879462351
040072003008500020703000000000100079000307000280006000000000902010008700500740060 945872613168593427723461895356184279491327586287956341874615932619238754532749168
009300005500460820020000310000075000703000508000830000054000030096014002100003400 849321675531467829627958314982675143763142598415839267254786931396514782178293456
000090000108030209704000803010000080800351007002000300530709042040010030001000700 623897514158436279794125863315274986869351427472968351536789142947512638281643795
058001490069000000100200006000025040500000003070130000300002005000000810081500730 258361497769458321134297586813725649592684173476139258347812965625973814981546732
001705900000000000590000024180000059605030107000000000000000000240801096058000270 461725938832694715597183624184267359625439187379518462716952843243871596958346271
000000000035402690089000170008000500120000069000307000000000000010050020002169300 641978253735412698289536174478691532123845769596327481367284915914753826852169347
650001480001800030890000005000200800000745000006008000300000057060003100015400023 657321489421859736893674215574236891189745362236918574348162957762593148915487623
043000900005004106960000084030060000000327000000080010520000041306200700008000290 143658972285794136967132584734961825851327469692485317529873641316249758478516293
600030009010070040003010500001000700000481000380000024037000850009000400400706001 674835219815972643923614587541263798792481365386597124237149856169358472458726931
701340200500602870030000000000400600005090400003001000000000060079806002002075908 781349256594612873236587194817453629625798431943261785158924367479836512362175948
603090018800000000009500706000902100700040003004106000406009800000000002120080609 653497218871623495249518736365972184712845963984136527436259871598761342127384659
020807060000000000000090000103904507602705801970000046000582000060000070200106004 324857169719623485856491732183964527642735891975218346497582613561349278238176954
000400000450071000000000146200009003089030260100200004562000000000790052000005000 691482735453671829827953146246819573789534261135267984562148397318796452974325618
380000019007040300006000500040708090009000100820010074000906000000000000100203006 384625719957841362216397548541768293769432185823519674472956831635184927198273456
002090000607103000090004006080000531009000600236000040100600070000209803000050400 342596187657183294891724356784962531519437628236815749123648975465279813978351462
043020570005000800207000609030000080600809007002107300090000060000901000000304000 943628571165793842287415639739256184614839257852147396491582763378961425526374918
008302400900070008000060000006725100000030000100000002810040027307108906060000030 658312479931574268742869315486725193275931684193486752819643527327158946564297831
090080700000006109376000500030508000900000004000203080009000672102700000003020010 291485736854376129376912548437598261928167354615243987549831672162754893783629415
500708006008030500040905080120000063700316002000090000000000000030201070900000001 591728346678134529342965187129587463754316892863492715215879634436251978987643251
020079000004000060900010000830000605010802070406000021000030004050000700000190030 325679148184325967967418352832741695519862473476953821791536284653284719248197536
000700000000300174900012060007500009005000800200006700040920008569004000000003000 136745982852369174974812563617538249495271836283496715341927658569184327728653491
000050000012000560470000081009203700300000008600040002003904100000307000040000090 836152479912478563475639281189263754324795618657841932763984125591327846248516397
093080260000309000700010003406000308070532040000000000534000916020000070000090000 193487265245369187768215493456971328879532641312846759534728916921653874687194532
070600400008530000502000630090145003000000000100263090041000308000084200007002040 973621485468539712512478639796145823325897164184263597241956378639784251857312946
035010890000040000400000006000409000009187200000020000720000018006000300301000702 235716894168942537497358126572439681649187253813625479724563918986271345351894762
000000000710805046900040001029070460000000000401000705040030080205000107608010904 864321579712895346953647821529178463376954218481263795147539682295486137638712954
109050407500708002000010000080000010000000000020080030060305070050871040003040500 139652487546738192278419365487593216391267854625184739864325971952871643713946528
030090010500000007008060400100030004000954000005000200050000060060213040007000300 632497518594128637718365429176832954283954176945671283351749862869213745427586391
000405007306000050070008000000004010903000804060900000000100070080000103200309000 198425637346791258572638941725864319913257864864913725439186572687542193251379486
016000780004020600000000000000905000080000050090704010001070500870050023400803007 216349785754128639938567241643915872187236954592784316361472598879651423425893167
200030009000854000007090500000000000702000604051906820006108200300000001000060000 245637189619854372837291546963482715782315694451976823596148237378529461124763958
003000100150000074940000083830207019010000020000509000601000507000193000080000090 723984156158362974946751283835247619419836725267519348691428537574193862382675491
006930010004060009090008005009800007000000000300005800900600070100090400040052900 586937214234561789791248635419826357658379142372415896923684571165793428847152963
000400905253000010090010000000070021710020039930060000000090040070000893309006000 167432985253689714498715362845973621716528439932164578581397246674251893329846157
005000000004200500961058000406020009007000200200030607000940752002006400000000900 825394176374261598961758324456127839137689245289435617618943752792516483543872961
014200300009340002300000014000010085070408090680020000940000007100062900008004530 814276359759341862326859714493617285572438196681925473945183627137562948268794531
200000000000040070070208003005900630301000805069002100400309060050070000000000001 294713586183645279576298413745981632321467895869532147412359768958176324637824951
180304072420000038000000000035000840004010200000000000040209060700040005000601000 189364572427195638563782419635927841874516293291438756348259167716843925952671384
006000009700960800500000000609470180020000070071053402000000005003084007100000900 416835729732961854598247361659472183324198576871653492287319645963584217145726938
000800004004607000006040805972000140000000000053000279401050600000406900300002000 219835764584697312736241895972563148148729536653184279491358627827416953365972481
000000500000000017000085032900630020307801609080042003690570000140000000003000000 279413568835296417461785932914637825327851649586942173692574381148329756753168294
901200000400008000500070009049800001030000070100003840700030004000100008000009502 971265483426398157583471269649857321832614975157923846718532694295146738364789512
905030000040000690060840070691000000000000000000000986050014020087000050000050107 915637248748521693263849571691485732872963415534172986356714829187296354429358167
020067000000400002006253900205000430401000809087000601002698300100005000000120090 524967183379481562816253974265819437431576829987342651742698315198735246653124798
003000070806907000000050019030701050004060800060503090620070000000605401040000700 193426578856917342472358619938741256514269837267583194625174983789635421341892765
005200800007069000900050027010000004026080510800000070170040009000190700004003100 345271896287369451961854327719532684426987513853416972178645239632198745594723168
206700000003058000590100000601007000030804010000600702000009041000380600000001908 286743195173958264594126873651237489732894516948615732827569341419382657365471928
008037400001960000900000035700309040480000023010405007820000006000056300003190200 268537419531964782947812635756329841489671523312485967825743196194256378673198254
069000740750060039300000006000508000076000180080040090000206000600809003890000061 169385742752164839348792516931578624476923185285641397514236978627819453893457261
100507009006824500000901000201000306300000005080000010000000000804000102500216007 128567439936824571457931628241785396369142785785693214612478953874359162593216847
800000009003000200000845000070106050000020000001050400100000003040010090006907800 814372569753691248962845137479186352685423971231759486198564723347218695526937814
000700020809150000002400570000000456080000090964000000053004100000071903090008000 546793821879152634312486579237819456185647392964235718653924187428571963791368245
006504200700206003200080007010030020050000080087000430900020005000000000000813000 136574298748296153295381647419738526352649781687152439963427815821965374574813962
400500801000000020080300040090003600500906004002800070060002050070000000305007002 427569831153748926986321547794213685538976214612854379861492753279135468345687192
006000100014070950000060000060849070002107800007000300030000020000415000058306790 296584137814273956375961248163849572542137869987652314631798425729415683458326791
060500093000070026030000501009400350000209000014008200302000070740080000980007030 168542793495173826237896541829461357673259184514738269352914678746385912981627435
700001049400608700080000000510304070000070000070802061000000090003205007160900008 736521849491638725285497136518364972624179583379852461852716394943285617167943258
902000306000000000800739005400080009020000040008407500000108000604000902500000008 972514386345862197861739425453681279726953841198427563237198654684375912519246738
401700000960503000805200000002080400000904000009030500000009805000307042000006309 421768953967543128835291764312685497586974231749132586673429815198357642254816379
005104700070020080003090500730408056000602000050070010080060020000000000040801060 965184732174523689823796541739418256418652397652379814581967423396245178247831965
020705010501000403000000000790040056803060107004000300000070000200010004030000020 428735619571629483369184275792341856853962147614857392946278531287513964135496728
060000040007405300001963200000738000000040000008000500473000689800000002000070000 369287145287415396541963278654738921132549867798621534473152689816394752925876413
070010006923006010000008020090380000007000900000095040030600000060400152400050060 875213496923546817641978523194382675257164938386795241539621784768439152412857369
000000807090018050080209006806000003000602000300000504500307020060120040201000000 412563897693718452785249136876954213154632789329871564548397621967125348231486975
200000005000000000507010809000000000460020037005769100040302050003090400008070600 296847315814953276537216849972134568461528937385769124649382751753691482128475693
029000005450007300006002000000700010103405802040008000000200500002900046500000230 729381465458697321316542798285739614193465872647128953934216587872953146561874239
003206100600010009009708300375000648800000002000000000501304806000000000908000203 453296187687413529219758364375129648894635712162847935521374896736982451948561273
007000030650080400100900005900704200000060000004805003700002008009070012030000600 497526831653187429128943765981734256375269184264815973716392548549678312832451697
004020900000000000592000768000000000320000086901030504680000049003040600010206050 874625931136789425592314768748561392325497186961832574687153249253948617419276853
002400080400079000050200000800700000519000732000002008000001050000920004030005100 372416985468579213951238476826793541519684732743152698294361857185927364637845129
726040008008006002000080067010902000509000201000401080960020000200500600400060729 726345198398716452145289367814932576539678241672451983967124835283597614451863729
020000050004000700060401090000000000000708000970040032045090120700000003002307500 127689354894532716563471298258963471431728965976145832345896127719254683682317549
000000503346080200090000040000200080600708005050001000020000050008030421903000000 281479563346185297795362148179253684632748915854691732427816359568937421913524876
040070000031800500007060000019608200050000060008502970000030700006009420000080010 245971386631824597987365142719648235452793861368512974194236758876159423523487619
005009010360000080000600004400207900000060000006103008900006000020000057070400200 245879316369541782817632594431287965582964173796153428953726841124398657678415239
000000080200600390008070005300890600020000030001047008700060100056009002040000000 495123786217658394638974215374892651829516437561347928783265149156439872942781563
000610300090005800601000000500070103060501080308090006000000702002100030005047000 287619354493725861651384927529876143764531289318492576846953712972168435135247698
700010058100400000005082400009000080801050703030000900007640300000003009320090004 743916258182435697695782431279364185861259743534871926957648312416523879328197564
900000012410200000000071098090000300007040900001000080230150000000006029160000007 973584612418269753526371498892615374357842961641793285239157846785436129164928537
050060000900000060800107050003500000624090537000006200090602003030000008000080020 351968472947235861862147359783524196624891537519376284498652713235719648176483925
071830000000419005000000008050000037980020041630000020300000000800357000000048150 471835962268419375593276418152964837987523641634781529345192786816357294729648153
600000001000000000018070960500080003080000040190307086002608100000000000030951070 675894321429163857318275964567489213283516749194327586742638195951742638836951472
006790050350000010000030004000908007504000902800502000600020000020000078010087300 246791853358264719791835264162948537574316982839572641687123495423659178915487326
020000010000000000580000096009472300010906040000010000040000070700000008802000603 926357814174689235583124796659472381218936547437815962345268179761593428892741653
006000900090000030100702004708000502060020010020050040080030090004609100009000400 876341925492568731153792684748913562365427819921856347587134296234679158619285473
042000760000000000005872100000308000010605080000000000009000400001020800380104052 842931765173456298965872143796318524214695387538247619629583471451729836387164952
500900001000006400012300800090000308000050000401000070004007930007400000800001006 543978621978126453612345897295714368736859214481263579154687932367492185829531746
000000000080000090000245000200010004970050023065000810700090001009106500020000030 612987345584361297397245186238619754971458623465723819753892461849136572126574938
400070900002004006039500010020000000145000728000000050090007360500600800007010005 451376982782194536639528417826745193145963728973281654298457361514632879367819245
630001502010008093900005000176000000000080000000000729000200001350400070201800035 634791582715628493928345167176932854492587316583164729867253941359416278241879635
000000050080002600400076098001790300000080000004065100170530006002600070050000000 296841753783952614415376298821794365567183942934265187178539426342618579659427831
020307000083040120000080000000003476005804300634900000000030000098020630000706080 926317548583649127147582963819253476275864319634971852462138795798425631351796284
000309000000620800072140300200000759069000140743000002008012470007064000000703000 416389527395627814872145396281436759569278143743591682638912475957864231124753968
900040008008609300305701906000060000020000090003205700000304000001000600500000009 962543178718629354345781926159467832627138495483295761296314587871952643534876219
000420090106930400040001080004000027670000038230000600090600050008059302010084000 857426193126938475349571286984163527671245938235897641793612854468759312512384769
000209000005346900000108000007000600080507020030000080300000006054000310206000408 761259843825346971493178562547821639689537124132964785378415296954682317216793458
360070009005000004007002610004905000500030002000807500026700400800000700700080091 361574829295168374487392615634925187578631942912847563126759438849213756753486291
008070300090302060007010400000605000009000100060000090805000607020704010000080000 658479321194352768237816459381695274549237186762148593815923647923764815476581932
060020080000000000100805006050603020007000900006207500490030015500010002600000008 765324189284169753139875246951643827327581964846297531492738615578416392613952478
082000560000000000000753000050000030400208001800000006509000302000000000036070140 782914563395682714614753829951467238467238951823591476579146382148325697236879145
005090800001547600060000070000409000000050000090103050007602900200304008004070100 745296813831547629962831574576429381123758496498163257317682945259314768684975132
000904000090307080040281060000706000480000036050000070700090005008000900025000840 871964352296357481543281769312746598487529136659138274734892615168475923925613847
690270000000000090000000470000040027704109605930060000053000000080000000000023048 698274351547631892312598476861345927724189635935762184453817269289456713176923548
003000700062010580870500042000109200020000010004702000610005024087060350005000100 593824761462917583871536942756149238928653417134782695619375824287461359345298176
500040003008060900006702400000090000000801000103605804300000009002050700804000302 521948673748563921936712485285497136469831257173625894317286549692354718854179362
010000020904000306003060500020736090700000003500908002007040900005301200000000000 618453729954172386273869541421736895789524613536918472167245938845391267392687154
475030000600000000000400037040100650502000809036008020750004000000000008000070294 475839162693721485128456937847192653512367849936548721759284316264913578381675294
000700063000310507600000900016500000000279000000004390009000004205037000170002000 521798463894316527637425981916583742483279156752164398369851274245637819178942635
000300060002000107008002004006980000400000006000046200300600800601000500020007000 514378962932465187768192354276983415483251796195746238357614829641829573829537641
000194000017000630200000001070859020103000708000703000000000000001205400006978500 368194275917582634245367891674859123193426758852713946529641387781235469436978512
000170030800300500047009100002000076100080003630000900006500320003002005050043000 965178432821364597347259168592431876174986253638725914486517329713892645259643781
820000056100000003506010709900050008000729000050000040000000000001268500080040070 823497156179586423546312789937654218418729365652831947364175892791268534285943671
000070805000402070004030002000023018030000020860140000400010500050306000607050000 326971845518462379974538162745623918139785624862149753483217596251396487697854231
060300800080010069905800300000000601010000020506000000008007406740030090002004070 167359842483712569925846317274598631819463725536271984398127456741635298652984173
007100200350070000021400000000060300640000091008020000000003510000040029004002700 467189235359276148821435967915864372642357891738921456286793514173548629594612783
305906708960000042000000000003000400000643000670000091001407900400208007006000800 345926718967381542812574639523719486198643275674852391281467953459238167736195824
203000805460050029895000163000030000007000200980070031500010004600000002000294000 273169845461853729895427163142938657357641298986572431529716384614385972738294516
900032000420059030000000070006000008340000059800000600050000000010890047000570001 967132485428759136531468972176945328342681759895327614759214863213896547684573291
200040008100050007300809005950000026000000000007904300006701500001060800000000000 275146938189253647364879215958317426413625789627984351846731592591462873732598164
000010564007002010190000028000064000200308005000190000940000082010800400682040000 328917564457682913196453728531264897269378145874195236945731682713826459682549371
040300000000400790000067230500000900100090005006000007071930000065002000000008060 742389516653421798918567234584673921137294685296815347871936452365142879429758163
035700000000002001010060004006000005501203609200000700400070080100300000000008290 935741862684932571712865934846197325571283649293654718429576183168329457357418296
070000000010300564024008700006703080000080000080501200001900840853004010000000050 675149328918372564324658791196723485532486179487591236761935842853264917249817653
014000950000080000080020030400203009000000000020104070600000007037000620800605004 214736958763589241589421736476253189351897462928164573645312897137948625892675314
000000070740905820082000900020471050000602000070853040004000560017209038030000000 965128374741935826382746915829471653453692187176853249294387561517269438638514792
083000910004509300050000080800010009000000000000652000705000206036040590000000000 683427915174589362952136784827314659561978423349652871715893246236741598498265137
900207001800000004004010300090000020300000009070982040006309700500000002000128000 953247681817693254264815397198734526342561879675982143426359718581476932739128465
080000009009700400300040005008004503070805090403900700800050002006008100900000060 784516239529783416361249875698174523172835694453962781837651942246398157915427368
200005008034000090007008240605010000000406000000070401013700600070000310400300002 269145738834267195157938246645813927791426853328579461913752684572684319486391572
800500003052000790040908050005201607000080000403607900090705020024000860500002009 879526413652314798341978256985231647267489531413657982198765324724193865536842179
900000001007604800000030000050000060002109500100000007009000200380000015270000043 964728351537614892821935674758243169642179538193586427419357286386492715275861943
009020100084500030200300058000000560800010009076000000740002003020007810003040700 539824176684571932217369458491283567852716349376495281748152693925637814163948725
000040000080906010009000700040000050100050003006302800300408002071000460000605000 632147589587926314419583726943861257128754693756392841365418972871239465294675138
000007034800200900000109500060000089020040050710000060002905000006008005150300000 295687134831254976647139528564721389923846751718593462482975613376418295159362847
000020000000700823400500010070000506009207400806000030010008004685003000000050000 937821645561749823428536719172384596359267481846915237213678954685493172794152368
003000560008030002700500940000600000005273600000009000064002007300060100017000200 493127568658934712721586943879641325145273689236859471964312857382765194517498236
012370804805100030000006000100000000900401008000000005000900000060007402507034190 612379854895142637734856921126785349953421768478693215241968573369517482587234196
102004007030002010000060002960030000004608100000090073800040000040900080600800709 192384567436572918587169432961735824374628195258491673819247356743956281625813749
006009350300070200790000006200901000030020010000308002600000024001090003024700100 146289357385674291792153846267941538438527619519368472673815924851492763924736185
018030720007106300090000010040000050800905001009080400000070000005000600730000082 518439726427156398396827514642713859873945261159682473964278135285391647731564982
021000007040007600000082500800000370000351000063000002002160000006800010100000490 621435987548917623739682541815296374274351869963748152452169738396874215187523496
100000009058000230003000500010789020034501780000000000020000070000908000007203600 176352849458196237293847561615789324934521786782634915829465173361978452547213698
000000100020301060106000900010246080000107000080953020003000507060508040004000000 438695172925371864176824953319246785542187396687953421893462517761538249254719638
060208070420000083000539000000020000010000040802000301306010802008307900000050000 563248179429176583781539426635421798917683245842795361376914852258367914194852637
006700010400030600010089007002000004041000890600000100700850030003090005060002400 936724518478135629215689347852913764341567892697248153724851936183496275569372481
000000000821700004049008007450087010200090005010250078500300860300005241000000000 735429186821736594649518327453687912287194635916253478572341869368975241194862753
120408067000000000980000045000896000801000206003010400050000010460070093300080002 125438967734659128986721345542896731891347256673215489257963814468172593319584672
500008003004017000000609070765000900020000050003000126050704000000520800900800005 597248613684317592231659478765132984129486357843975126358794261476521839912863745
000030408040009000300000500008054009600802001500610800007000005000200060802060000 719536428245789136386421597128354679674892351593617842967143285451278963832965714
025000380080203060900000007530462091007090500000000000000020000200835006050706010 625917384784253169913684257538462791467391528192578643876129435241835976359746812
410080203200600080700102005000065100000000000001470000500906007060008009903010058 419587263235649781786132945392865174874291536651473892548926317167358429923714658
006203400300000002087000360090080010600030004000105000800000001000609000405000906 916273485354896172287541369593482617621937854748165293869724531132659748475318926
070000060905000304000329000001000600820105049000060000000050000060090030130602097 372514968915876324648329175791248653826135749453967281289753416567491832134682597
004910000250000307000072005001000000070106020000000700900560000806000092000029800 734915286259684317168372945481257639375196428692843751923568174846731592517429863
000020507700000000600890020810050902000060000206080014060035009000000006407010000 389621547721543698645897321813754962974162853256389714168235479592478136437916285
000030000000406000108000206300205004850000017060000050005607400900814005000000000 627138549593426178148579236371265894852943617469781352215697483936814725784352961
902000103604208905005000600300070009400000006000020000003000800060807090700431002 982765143634218975175349628316574289429183756857926431543692817261857394798431562
700403005003002000000610090350000801002000300109000054080037000000800100600204007 796483215513972468428615793354769821862541379179328654285137946947856132631294587
029080160570000089003020500008106900000000000030497010000902000190040052000000000 429785163576314289813629547758136924941258736632497815385962471197843652264571398
610000059708503102920000074000176000000030000500902007001000600000000000307060205 613724859748593162925618374489176523172435986536982417251347698864259731397861245
000070030002600047150000000000005370080264050025300000000000086630009500070080000 846972135392651847157438629461895372783264951925317468219543786638729514574186293
020040930000000580100003006002607300030000020004205800300400008076000000041070060 627548931493716582185923746912687354538194627764235819359462178276851493841379265
400650000010008700030007000760010030004309800050040096000900050001500020000086009 472653981915428763638197542769815234124369875853742196286931457391574628547286319
100732006500000007200060008000000000040906030000478000001000700680000023750000049 198732456563894217274165398916253874847916532325478961431629785689547123752381649
040006000020000030006100700000005017000739000590800000004001200030000080000500040 348276591721958436956143728483625917612739854597814362864391275235467189179582643
600400502000800004942600008004008000309000806000300400400006215200004000106009007 681493572735821964942675138514968723329147856867352491498736215273514689156289347
040030070906200004000019050005000020207000401060000500020540000300001208010060040 541638972936275814872419653195384726287956431463127589628543197354791268719862345
000000000023401580900000007000000000090208030208090104009806700000102000500070008 185927346723461589964583217651734892497218635238695174349856721876142953512379468
040300800030069072700580000050000604094000230602000080000094006920870050006005090 245317869138469572769582341357928614894651237612743985583194726921876453476235198
503001008000008000009740302670000200008050600004000091907063100000100000300200705 563921478742538916819746352675419283198352647234687591957863124426175839381294765
670200035105000000290000700000035000007104600000670000002000056000000309450003021 678241935145397268293586714926835147587124693314679582732918456861452379459763821
406908501002301600000000000013080260600000008900603007000050000000107000507000804 436978521852341679179562483713489265624715938985623147361854792248197356597236814
003000700010700009540000008000907005095040670600103000700000054300002080004000900 983625741216784539547319268432967815195248673678153492721896354359472186864531927
700801009005209600030000040001308700003060800400000006380020095000000000090703060 746831529815249673239675148621398754953467812478512936387126495162954387594783261
860402015000708000040901060000176000090000030620000081005649200000000000076000450 869432715512768349743951862358176924491825637627394581185649273234587196976213458
001400000040050010003001902008102006010060020600705400302500700080020060000003200 271439658946258317853671942438192576715364829629785431392516784584927163167843295
100204009000106000000050000010070040270405098004090300900000004608503902300000006 185234769792186453436759281819372645273465198564891327951627834648513972327948516
100006700960000200070003004006104028000000000290608300600400030002000019001800002 124586793963741285875923164536174928418239576297658341659412837782365419341897652
050870900009040020000000800900200308170030096308006004002000000090020400007059010 254873961869145723731962845946217358175438296328596174612784539593621487487359612
001000800900000004008102600000010000040070060809000703000704000094806120680201095 431569872962387514758142639276413958543978261819625743125794386394856127687231495
340060081002000600000080000605070103901000806400050002000905000083000590000000000 349562781812497635756183429625879143971234856438651972267945318183726594594318267
047000190090000030201000807002050700700080009054000320009201600003040900000938000 347826195598714236261593847812359764736482519954167328489271653173645982625938471
200050008000302000730000019000508000002901800860000075003104500006805100000000000 214759638689312754735486219397568421542971863861243975973124586426835197158697342
000417000000000000060080070090000040100000003080965020800020004025308710030000080 253417869748659231961283475592731648176842953384965127817526394425398716639174582
100428006000000000480090025706501203020000010000000000007809600208000304000060000 159428736672153489483697125796581243824936517531274968317849652268715394945362871
006002080980000530020003006602040000000285000000030204200400070064000028050600100 346592781987164532521873496632741859419285367875936214293418675164357928758629143
304060207000100300761005804006000080100090003070000900207500639005009000609010408 354968217928147365761325894596473182142896573873251946217584639485639721639712458
100386007070405030023000650009000500000000000508702106000000000000201000450060072 145386297976425831823179654769814523214653789538792146692537418387241965451968372
000000010000900006080076205908205600600000001007608902501840070800001000040000000 296584713175923486384176295918235647623497851457618932561842379839761524742359168
000000000300609007000740016080010060097060230020080050460092000900801005000000000 876135492341629587259748316584213769197564238623987154465392871932871645718456923
300907008902010407060000020007000200000805000500172006005040600200000004090206080 341927568952618437768534129687493215124865973539172846875341692216789354493256781
000002000054090000800000106032000060400705008080000730205000004000080610000200000 196872543354196287827453196732918465461735928589624731215369874943587612678241359
400860005000000700056103900001090406900306001607080500008605340004000000100024008 492867135813259764756143982381592476945376821627481593278615349564938217139724658
000002030007040806605300000002600004900000008700004900000008309103020600080100000 498562731327941856615387492832695174941273568756814923264758319173429685589136247
030702010000000000520010069290308056100000004700601008000000000019030680060000020 938762415641953872527814369294378156186529734753641298872196543419235687365487921
670080014000509000005040900700000008000705000021000350040000090200104003006000700 679283514432519876185647932753921468864735129921468357548376291297154683316892745
000526000078000620000804000000951000041000590200703001020030040000000000034000970 913526784478319625652874319867951432341268597295743861729635148186497253534182976
004789200009030700100000004000142000070000020000000000601508403000000000903000506 534789261269431758187625394895142637476853129312976845621598473758364912943217586
901000008062900030000100096000308470000060000083702000830007000020001380400000602 951236748762984531348175296296318475174569823583742169835627914629451387417893652
430009060001002094000010007307008000000060000000700508200040000750100900010800046 432579861571682394689314257327458619895261473146793528268947135754136982913825746
000000100008670000600350820050060001000409000900010030074036002000028500001000000 735892146428671359619354827857263491163489275942517638574136982396728514281945763
037080940080000010000010000020604070000000000005070400210703065006802100000040000 137285946582469317649317258928634571471528693365971482214793865796852134853146729
200000543000000006800300900300760400009000600004018005003006001900000000721000004 297681543435279186816354927382765419159432678674918235543826791968147352721593864
100009500003500098020070400000000087000218000950000000001050040430007900005100006 187349562643521798529876431216495387374218659958763124761952843432687915895134276
052090100006100003100040085000020010809305702060070000630080007500004300007030850 752893164486152973193647285375428619819365742264971538631589427528714396947236851
000045000098017050000900040230104500180090072004802013070009000050760230000520000 317645829498217356526983741239174568185396472764852913672439185951768234843521697
004605200000907000000030000200000003380000041001000800007804500008000100050291060 734685219512947386869132475276418953385729641941356827197864532628573194453291768
000040000001000300760000095900010006050302040000604000020105080030806070600000002 392541867581967324764283195943718256856392741217654938429175683135826479678439512
000459000006000900200607008920000073000040000000502000103000509502801304040000010 781459236356218947294637158925186473617943825438572691163724589572891364849365712
370000058908000706002000900000203000090000030030518090700020009001000500020804070 376941258918352746452687913167293485895476132234518697743125869681739524529864371
000400076000052000000900802920010064705000103130080029403008000000190000510007000 852431976679852341341976852928713564765249183134685729493568217287194635516327498
450006000000000650601009300008062030200070005040910800006100709012000000000600083 457836291329741658681259374198562437263478915745913862536184729812397546974625183
010574020005060900000000000001080700000209000809050204500607003006010400030000080 918574326375162948642938517421386759753249861869751234584627193296813475137495682
001600200080090000704000090000010860059408310078050000010000704000040020003009500 591634278286791453734285691342917865659428317178356942915862734867543129423179586
500000702006009300000540010700000549000307000651000007070061000004800900205000001 543186792816729354927543816738612549492357168651498237379261485164875923285934671
006907400073000190000010000510070084000189000000050000000405000690000048027000950 186937425273548196954612837519376284742189563368254719831495672695721348427863951
000369007000008120003200000600000070040080050050000009000007500024900000300642000 512369487496578123783214695638195274249786351157423869961837542824951736375642918
000105090023000700100200000090000800200010007001000060000006009009000430070504000 648175392923468751157239684794652813265813947831947265412386579589721436376594128
000508200008010000702904510805000402060000050203000106081209703000070900007401000 146538279958712364732964518815697432469123857273845196681259743524376981397481625
000050000000907150720104000002090000107536209000010400000801023089205000000040000 914653872863927154725184396532498617147536289698712435456871923389265741271349568
000080000069000820400603009017000340000050000690030052001090200700000005000267000 375982614169574823482613579517829346234756198698431752841395267726148935953267481
400000809003940050060800000000061035000000000920570000000008020010032400602000001 475326819183947256269815374847261935351489762926573148794158623518632497632794581
600210009754360000200000000310005080060801050040600012000000005000076198100052004 638217549754369821291584637312745986967821453845693712479138265523476198186952374
000009023000020100200607005090006302000801000103200070800705009006080000570100000 781459623965328147234617985498576312627831594153294876812765439346982751579143268
000652000000000000006080300060000080090000040302104709035000620200000008004807900 743652891928713564156489372467295183591378246382164759835941627279536418614827935
